# Converted file from inputfile 00.CHN
# MCA number or Detector number: 1
# Segment number (set to 1 in UMCBI): 1
# ASCII seconds of start time: 14387
# Real Time (s): 45.1400
# Live Time (s) : 45.0000
# Start Date (DDMMMYY): 31DEC99
# Start time (HHMM): 1639
# Channel offset of data: 0
# Number of channels (length of data): 1024

# Data: 

0 	 0
1 	 0
2 	 0
3 	 0
4 	 0
5 	 0
6 	 0
7 	 0
8 	 0
9 	 9
10 	 14
11 	 33
12 	 28
13 	 34
14 	 39
15 	 41
16 	 42
17 	 50
18 	 42
19 	 52
20 	 40
21 	 31
22 	 43
23 	 38
24 	 42
25 	 42
26 	 37
27 	 49
28 	 44
29 	 47
30 	 41
31 	 43
32 	 68
33 	 46
34 	 42
35 	 49
36 	 45
37 	 39
38 	 56
39 	 54
40 	 47
41 	 51
42 	 47
43 	 46
44 	 61
45 	 47
46 	 48
47 	 64
48 	 53
49 	 54
50 	 73
51 	 67
52 	 63
53 	 54
54 	 63
55 	 65
56 	 49
57 	 64
58 	 69
59 	 67
60 	 72
61 	 62
62 	 69
63 	 66
64 	 59
65 	 63
66 	 64
67 	 62
68 	 60
69 	 65
70 	 85
71 	 75
72 	 77
73 	 67
74 	 71
75 	 67
76 	 94
77 	 78
78 	 61
79 	 82
80 	 68
81 	 87
82 	 69
83 	 80
84 	 76
85 	 87
86 	 82
87 	 73
88 	 82
89 	 76
90 	 98
91 	 70
92 	 68
93 	 80
94 	 70
95 	 88
96 	 64
97 	 70
98 	 61
99 	 79
100 	 72
101 	 60
102 	 67
103 	 61
104 	 72
105 	 73
106 	 64
107 	 63
108 	 62
109 	 78
110 	 69
111 	 64
112 	 76
113 	 70
114 	 45
115 	 62
116 	 65
117 	 66
118 	 67
119 	 58
120 	 47
121 	 56
122 	 60
123 	 83
124 	 58
125 	 60
126 	 50
127 	 71
128 	 54
129 	 57
130 	 56
131 	 74
132 	 52
133 	 60
134 	 48
135 	 53
136 	 62
137 	 67
138 	 65
139 	 49
140 	 72
141 	 63
142 	 60
143 	 85
144 	 55
145 	 67
146 	 51
147 	 72
148 	 70
149 	 56
150 	 59
151 	 62
152 	 50
153 	 52
154 	 55
155 	 60
156 	 52
157 	 58
158 	 55
159 	 58
160 	 74
161 	 54
162 	 66
163 	 64
164 	 54
165 	 60
166 	 58
167 	 72
168 	 60
169 	 44
170 	 51
171 	 70
172 	 66
173 	 61
174 	 51
175 	 60
176 	 62
177 	 59
178 	 61
179 	 51
180 	 59
181 	 67
182 	 68
183 	 66
184 	 62
185 	 68
186 	 61
187 	 64
188 	 57
189 	 50
190 	 61
191 	 62
192 	 71
193 	 63
194 	 70
195 	 59
196 	 58
197 	 57
198 	 47
199 	 49
200 	 51
201 	 47
202 	 41
203 	 51
204 	 43
205 	 50
206 	 44
207 	 32
208 	 43
209 	 34
210 	 31
211 	 32
212 	 35
213 	 30
214 	 32
215 	 33
216 	 16
217 	 24
218 	 24
219 	 21
220 	 26
221 	 25
222 	 23
223 	 18
224 	 27
225 	 21
226 	 22
227 	 23
228 	 26
229 	 19
230 	 25
231 	 16
232 	 28
233 	 15
234 	 13
235 	 19
236 	 22
237 	 13
238 	 24
239 	 13
240 	 14
241 	 14
242 	 16
243 	 25
244 	 20
245 	 25
246 	 25
247 	 25
248 	 21
249 	 19
250 	 19
251 	 18
252 	 14
253 	 18
254 	 20
255 	 27
256 	 28
257 	 28
258 	 22
259 	 16
260 	 30
261 	 26
262 	 40
263 	 41
264 	 40
265 	 62
266 	 63
267 	 83
268 	 77
269 	 94
270 	 110
271 	 130
272 	 142
273 	 160
274 	 200
275 	 226
276 	 255
277 	 289
278 	 307
279 	 323
280 	 350
281 	 393
282 	 405
283 	 436
284 	 478
285 	 434
286 	 454
287 	 447
288 	 425
289 	 428
290 	 422
291 	 428
292 	 381
293 	 342
294 	 350
295 	 325
296 	 269
297 	 254
298 	 182
299 	 169
300 	 147
301 	 118
302 	 91
303 	 73
304 	 63
305 	 49
306 	 40
307 	 28
308 	 15
309 	 17
310 	 13
311 	 10
312 	 7
313 	 1
314 	 2
315 	 3
316 	 4
317 	 0
318 	 5
319 	 1
320 	 0
321 	 0
322 	 1
323 	 1
324 	 2
325 	 1
326 	 1
327 	 0
328 	 0
329 	 1
330 	 1
331 	 1
332 	 1
333 	 0
334 	 0
335 	 2
336 	 0
337 	 1
338 	 0
339 	 0
340 	 0
341 	 0
342 	 1
343 	 0
344 	 0
345 	 0
346 	 0
347 	 0
348 	 1
349 	 0
350 	 0
351 	 1
352 	 0
353 	 2
354 	 1
355 	 1
356 	 2
357 	 1
358 	 0
359 	 0
360 	 0
361 	 0
362 	 0
363 	 1
364 	 0
365 	 1
366 	 1
367 	 0
368 	 0
369 	 0
370 	 0
371 	 1
372 	 0
373 	 0
374 	 0
375 	 0
376 	 1
377 	 0
378 	 2
379 	 2
380 	 0
381 	 1
382 	 0
383 	 0
384 	 0
385 	 1
386 	 0
387 	 0
388 	 0
389 	 0
390 	 0
391 	 0
392 	 1
393 	 1
394 	 0
395 	 0
396 	 0
397 	 2
398 	 1
399 	 1
400 	 1
401 	 0
402 	 0
403 	 0
404 	 0
405 	 0
406 	 0
407 	 0
408 	 0
409 	 0
410 	 0
411 	 0
412 	 0
413 	 0
414 	 0
415 	 0
416 	 0
417 	 0
418 	 1
419 	 0
420 	 0
421 	 0
422 	 0
423 	 0
424 	 1
425 	 0
426 	 0
427 	 0
428 	 0
429 	 1
430 	 0
431 	 0
432 	 0
433 	 0
434 	 0
435 	 0
436 	 1
437 	 1
438 	 0
439 	 1
440 	 1
441 	 2
442 	 1
443 	 0
444 	 1
445 	 0
446 	 0
447 	 0
448 	 0
449 	 0
450 	 0
451 	 1
452 	 2
453 	 1
454 	 0
455 	 0
456 	 0
457 	 0
458 	 1
459 	 0
460 	 0
461 	 0
462 	 0
463 	 0
464 	 0
465 	 0
466 	 0
467 	 0
468 	 0
469 	 0
470 	 0
471 	 1
472 	 0
473 	 0
474 	 1
475 	 0
476 	 0
477 	 0
478 	 0
479 	 1
480 	 0
481 	 0
482 	 0
483 	 0
484 	 0
485 	 0
486 	 0
487 	 0
488 	 1
489 	 1
490 	 0
491 	 0
492 	 2
493 	 0
494 	 0
495 	 0
496 	 0
497 	 0
498 	 0
499 	 0
500 	 0
501 	 0
502 	 0
503 	 3
504 	 0
505 	 0
506 	 0
507 	 0
508 	 1
509 	 0
510 	 1
511 	 1
512 	 0
513 	 1
514 	 0
515 	 0
516 	 0
517 	 0
518 	 0
519 	 0
520 	 0
521 	 0
522 	 0
523 	 0
524 	 1
525 	 0
526 	 1
527 	 0
528 	 0
529 	 0
530 	 0
531 	 1
532 	 0
533 	 2
534 	 1
535 	 0
536 	 0
537 	 0
538 	 0
539 	 0
540 	 0
541 	 0
542 	 0
543 	 0
544 	 0
545 	 0
546 	 0
547 	 0
548 	 0
549 	 0
550 	 0
551 	 0
552 	 0
553 	 0
554 	 1
555 	 0
556 	 0
557 	 0
558 	 0
559 	 0
560 	 0
561 	 0
562 	 1
563 	 1
564 	 1
565 	 0
566 	 0
567 	 0
568 	 0
569 	 0
570 	 0
571 	 0
572 	 0
573 	 0
574 	 0
575 	 0
576 	 0
577 	 0
578 	 0
579 	 0
580 	 0
581 	 0
582 	 0
583 	 0
584 	 1
585 	 0
586 	 0
587 	 0
588 	 0
589 	 1
590 	 1
591 	 0
592 	 0
593 	 0
594 	 0
595 	 0
596 	 0
597 	 2
598 	 0
599 	 0
600 	 0
601 	 0
602 	 0
603 	 1
604 	 0
605 	 1
606 	 0
607 	 0
608 	 0
609 	 0
610 	 0
611 	 1
612 	 0
613 	 0
614 	 0
615 	 1
616 	 0
617 	 1
618 	 2
619 	 1
620 	 1
621 	 0
622 	 0
623 	 1
624 	 2
625 	 2
626 	 0
627 	 1
628 	 0
629 	 0
630 	 0
631 	 0
632 	 0
633 	 0
634 	 0
635 	 1
636 	 0
637 	 0
638 	 0
639 	 0
640 	 0
641 	 0
642 	 0
643 	 0
644 	 0
645 	 0
646 	 0
647 	 0
648 	 0
649 	 0
650 	 0
651 	 0
652 	 0
653 	 0
654 	 1
655 	 0
656 	 0
657 	 0
658 	 1
659 	 0
660 	 0
661 	 0
662 	 0
663 	 0
664 	 0
665 	 0
666 	 0
667 	 0
668 	 0
669 	 0
670 	 0
671 	 0
672 	 0
673 	 0
674 	 0
675 	 0
676 	 1
677 	 0
678 	 0
679 	 0
680 	 0
681 	 0
682 	 0
683 	 0
684 	 1
685 	 0
686 	 0
687 	 0
688 	 0
689 	 0
690 	 0
691 	 0
692 	 0
693 	 0
694 	 1
695 	 0
696 	 0
697 	 0
698 	 0
699 	 0
700 	 0
701 	 0
702 	 0
703 	 0
704 	 0
705 	 0
706 	 0
707 	 0
708 	 0
709 	 0
710 	 0
711 	 0
712 	 0
713 	 0
714 	 0
715 	 0
716 	 0
717 	 0
718 	 0
719 	 1
720 	 0
721 	 0
722 	 0
723 	 0
724 	 0
725 	 0
726 	 0
727 	 0
728 	 0
729 	 0
730 	 1
731 	 0
732 	 0
733 	 0
734 	 0
735 	 0
736 	 0
737 	 0
738 	 0
739 	 0
740 	 0
741 	 0
742 	 0
743 	 0
744 	 0
745 	 0
746 	 0
747 	 0
748 	 0
749 	 0
750 	 0
751 	 0
752 	 0
753 	 0
754 	 0
755 	 0
756 	 0
757 	 0
758 	 0
759 	 0
760 	 0
761 	 0
762 	 0
763 	 0
764 	 0
765 	 0
766 	 0
767 	 1
768 	 0
769 	 0
770 	 0
771 	 0
772 	 0
773 	 0
774 	 0
775 	 0
776 	 0
777 	 0
778 	 0
779 	 0
780 	 0
781 	 0
782 	 0
783 	 0
784 	 0
785 	 0
786 	 0
787 	 0
788 	 1
789 	 0
790 	 0
791 	 0
792 	 0
793 	 0
794 	 0
795 	 0
796 	 0
797 	 0
798 	 0
799 	 0
800 	 0
801 	 0
802 	 0
803 	 0
804 	 0
805 	 0
806 	 0
807 	 0
808 	 0
809 	 0
810 	 0
811 	 0
812 	 0
813 	 0
814 	 0
815 	 0
816 	 0
817 	 0
818 	 0
819 	 0
820 	 0
821 	 0
822 	 0
823 	 0
824 	 0
825 	 0
826 	 0
827 	 0
828 	 0
829 	 0
830 	 1
831 	 0
832 	 0
833 	 0
834 	 0
835 	 0
836 	 0
837 	 0
838 	 0
839 	 0
840 	 0
841 	 0
842 	 0
843 	 0
844 	 1
845 	 0
846 	 0
847 	 0
848 	 0
849 	 0
850 	 0
851 	 0
852 	 0
853 	 0
854 	 0
855 	 0
856 	 0
857 	 0
858 	 0
859 	 0
860 	 0
861 	 0
862 	 0
863 	 0
864 	 0
865 	 0
866 	 0
867 	 0
868 	 0
869 	 0
870 	 0
871 	 0
872 	 0
873 	 0
874 	 0
875 	 0
876 	 0
877 	 0
878 	 0
879 	 0
880 	 0
881 	 0
882 	 0
883 	 0
884 	 0
885 	 0
886 	 0
887 	 0
888 	 0
889 	 0
890 	 0
891 	 0
892 	 0
893 	 0
894 	 0
895 	 0
896 	 0
897 	 0
898 	 0
899 	 0
900 	 0
901 	 0
902 	 0
903 	 0
904 	 1
905 	 0
906 	 0
907 	 0
908 	 0
909 	 1
910 	 0
911 	 0
912 	 0
913 	 0
914 	 0
915 	 0
916 	 0
917 	 0
918 	 0
919 	 0
920 	 0
921 	 0
922 	 0
923 	 0
924 	 0
925 	 0
926 	 0
927 	 0
928 	 0
929 	 0
930 	 0
931 	 0
932 	 0
933 	 0
934 	 0
935 	 0
936 	 0
937 	 0
938 	 0
939 	 0
940 	 0
941 	 0
942 	 0
943 	 0
944 	 0
945 	 0
946 	 0
947 	 0
948 	 0
949 	 0
950 	 0
951 	 0
952 	 0
953 	 0
954 	 0
955 	 0
956 	 0
957 	 0
958 	 0
959 	 0
960 	 0
961 	 0
962 	 0
963 	 0
964 	 0
965 	 0
966 	 0
967 	 0
968 	 0
969 	 0
970 	 0
971 	 0
972 	 0
973 	 0
974 	 0
975 	 0
976 	 0
977 	 0
978 	 0
979 	 0
980 	 0
981 	 0
982 	 0
983 	 0
984 	 0
985 	 0
986 	 0
987 	 0
988 	 0
989 	 0
990 	 0
991 	 0
992 	 0
993 	 0
994 	 0
995 	 0
996 	 0
997 	 0
998 	 0
999 	 0
1000 	 0
1001 	 0
1002 	 0
1003 	 0
1004 	 0
1005 	 0
1006 	 0
1007 	 0
1008 	 0
1009 	 0
1010 	 0
1011 	 0
1012 	 0
1013 	 0
1014 	 0
1015 	 0
1016 	 0
1017 	 0
1018 	 0
1019 	 1
1020 	 0
1021 	 0
1022 	 0
1023 	 0


# Energy calibration zero intercept, 0.0 for uncalibrated spectrum: 0.00000
# Energy calibration slope, 1.0 for uncalibrated spectrum: 0.00000
# Energy calibration quadratic term, 0.0 for uncalibrated spectrum: 0.00000
# Peak shape calibration zero intercept, 1.0 for uncalibrated spectrum: 1.00000
# Peak shape calibration slope, 0.0 for uncalibrated spectrum: 0.00000
# Peak shape calibration quadratic term, 0.0 for uncalibrated spectrum: 0.00000
# Detector description: 
# Sample description: 
