SpectrumName : 00.SPC
XUnit        : 
YUnit        : 
Length       : 1024
SubSpcNum    : 1
StartSubSpc  : 0
StopSubSpc   : 0
Comment      : 
Realtime     : 45.130
Livetime     : 44.990
Deadtime     : 0.140
FastChannel  : 24102
Starttime    : 31.12.1999 16:39:38
Stoptime     : 31.12.1999 16:40:23
CalibCoeff   : a=0.000000000E+000 b=0.000000000E+000 c=0.000000000E+000 d=0.000000000E+000
SpectrumText : 0 
0,0,0,0,0,0,0,0
0,9,14,33,28,34,39,41
42,50,42,52,40,31,43,38
42,42,37,49,44,47,41,43
68,46,42,49,45,39,56,54
47,51,47,46,61,47,48,64
53,54,73,67,63,54,63,65
49,64,69,67,72,62,69,66
59,63,64,62,60,65,85,75
77,67,71,67,94,78,61,82
68,87,69,80,76,87,82,73
82,76,98,70,68,80,70,88
64,70,61,79,72,60,67,61
72,73,64,63,62,78,69,64
76,70,45,62,65,66,67,58
47,56,60,83,58,60,50,71
54,57,56,74,52,60,48,53
62,67,65,49,72,63,60,85
55,67,51,72,70,56,59,62
50,52,55,60,52,58,55,58
74,54,66,64,54,60,58,72
60,44,51,70,66,61,51,60
62,59,61,51,59,67,68,66
62,68,61,64,57,50,61,62
71,63,70,59,58,57,47,49
51,47,41,51,43,50,44,32
43,34,31,32,35,30,32,33
16,24,24,21,26,25,23,18
27,21,22,23,26,19,25,16
28,15,13,19,22,13,24,13
14,14,16,25,20,25,25,25
21,19,19,18,14,18,20,27
28,28,22,16,30,26,40,41
40,62,63,83,77,94,110,130
142,160,200,226,255,289,307,323
350,393,405,436,478,434,454,447
425,428,422,428,381,342,350,325
269,254,182,169,147,118,91,73
63,49,40,28,15,17,13,10
7,1,2,3,4,0,5,1
0,0,1,1,2,1,1,0
0,1,1,1,1,0,0,2
0,1,0,0,0,0,1,0
0,0,0,0,1,0,0,1
0,2,1,1,2,1,0,0
0,0,0,1,0,1,1,0
0,0,0,1,0,0,0,0
1,0,2,2,0,1,0,0
0,1,0,0,0,0,0,0
1,1,0,0,0,2,1,1
1,0,0,0,0,0,0,0
0,0,0,0,0,0,0,0
0,0,1,0,0,0,0,0
1,0,0,0,0,1,0,0
0,0,0,0,1,1,0,1
1,2,1,0,1,0,0,0
0,0,0,1,2,1,0,0
0,0,1,0,0,0,0,0
0,0,0,0,0,0,0,1
0,0,1,0,0,0,0,1
0,0,0,0,0,0,0,0
1,1,0,0,2,0,0,0
0,0,0,0,0,0,0,3
0,0,0,0,1,0,1,1
0,1,0,0,0,0,0,0
0,0,0,0,1,0,1,0
0,0,0,1,0,2,1,0
0,0,0,0,0,0,0,0
0,0,0,0,0,0,0,0
0,0,1,0,0,0,0,0
0,0,1,1,1,0,0,0
0,0,0,0,0,0,0,0
0,0,0,0,0,0,0,0
1,0,0,0,0,1,1,0
0,0,0,0,0,2,0,0
0,0,0,1,0,1,0,0
0,0,0,1,0,0,0,1
0,1,2,1,1,0,0,1
2,2,0,1,0,0,0,0
0,0,0,1,0,0,0,0
0,0,0,0,0,0,0,0
0,0,0,0,0,0,1,0
0,0,1,0,0,0,0,0
0,0,0,0,0,0,0,0
0,0,0,0,1,0,0,0
0,0,0,0,1,0,0,0
0,0,0,0,0,0,1,0
0,0,0,0,0,0,0,0
0,0,0,0,0,0,0,0
0,0,0,0,0,0,0,1
0,0,0,0,0,0,0,0
0,0,1,0,0,0,0,0
0,0,0,0,0,0,0,0
0,0,0,0,0,0,0,0
0,0,0,0,0,0,0,0
0,0,0,0,0,0,0,1
0,0,0,0,0,0,0,0
0,0,0,0,0,0,0,0
0,0,0,0,1,0,0,0
0,0,0,0,0,0,0,0
0,0,0,0,0,0,0,0
0,0,0,0,0,0,0,0
0,0,0,0,0,0,0,0
0,0,0,0,0,0,1,0
0,0,0,0,0,0,0,0
0,0,0,0,1,0,0,0
0,0,0,0,0,0,0,0
0,0,0,0,0,0,0,0
0,0,0,0,0,0,0,0
0,0,0,0,0,0,0,0
0,0,0,0,0,0,0,0
0,0,0,0,0,0,0,0
0,0,0,0,0,0,0,0
1,0,0,0,0,1,0,0
0,0,0,0,0,0,0,0
0,0,0,0,0,0,0,0
0,0,0,0,0,0,0,0
0,0,0,0,0,0,0,0
0,0,0,0,0,0,0,0
0,0,0,0,0,0,0,0
0,0,0,0,0,0,0,0
0,0,0,0,0,0,0,0
0,0,0,0,0,0,0,0
0,0,0,0,0,0,0,0
0,0,0,0,0,0,0,0
0,0,0,0,0,0,0,0
0,0,0,0,0,0,0,0
0,0,0,1,0,0,0,0
