SpectrumName : C02.SPC
XUnit        : 
YUnit        : 
Length       : 1024
SubSpcNum    : 1
StartSubSpc  : 0
StopSubSpc   : 0
Comment      : 
Realtime     : 22.030
Livetime     : 21.970
Deadtime     : 0.060
FastChannel  : 11326
Starttime    : 31.12.1999 16:33:48
Stoptime     : 31.12.1999 16:34:10
CalibCoeff   : a=0.000000000E+000 b=0.000000000E+000 c=0.000000000E+000 d=0.000000000E+000
SpectrumText : 0 
0,0,0,0,0,0,0,0
1,5,7,21,12,21,20,20
16,17,13,33,21,13,31,16
17,27,18,18,25,23,28,18
19,25,13,27,25,14,17,26
26,30,35,25,21,22,28,26
24,23,31,24,23,35,27,27
36,21,29,24,42,22,22,39
25,39,25,26,35,38,42,25
42,21,24,34,31,29,25,33
34,28,34,37,34,30,41,37
28,35,41,35,36,40,28,31
29,35,45,33,40,32,24,32
21,31,31,27,30,27,47,32
21,29,26,35,23,28,29,29
33,22,33,34,18,29,23,25
30,31,26,29,25,34,31,29
38,23,31,33,36,27,26,25
26,22,32,28,40,31,31,32
43,25,34,28,18,21,31,28
35,30,41,31,25,27,24,32
30,27,31,34,26,28,34,32
24,29,30,31,31,31,27,29
34,30,34,18,33,44,36,30
35,21,26,39,31,19,17,17
18,16,20,24,18,13,21,20
18,16,12,11,14,12,10,16
12,11,12,14,7,15,11,9
9,12,13,4,13,10,10,4
14,6,7,15,3,8,7,10
7,4,13,6,11,11,11,12
20,11,9,7,9,18,9,11
14,11,11,13,16,17,11,23
21,31,19,32,31,42,61,58
78,64,88,94,104,161,159,144
171,184,174,197,215,206,220,218
229,207,200,214,170,165,150,141
116,109,86,90,64,58,49,45
33,23,17,16,3,5,8,8
2,3,2,2,0,1,0,1
0,0,1,2,0,0,1,2
0,0,0,0,0,1,0,0
0,1,0,1,0,0,0,0
0,0,0,0,1,0,0,1
0,0,0,1,0,0,0,0
0,0,0,0,0,0,0,0
0,2,0,0,0,1,0,2
0,0,0,0,0,0,0,0
0,1,0,1,1,0,0,0
0,0,0,1,1,0,0,0
0,0,0,0,0,0,0,0
0,0,0,0,0,0,0,2
0,0,0,0,0,0,1,1
1,0,0,0,1,0,0,0
0,0,0,0,0,1,0,1
1,0,0,0,0,0,0,1
0,0,0,0,0,0,0,1
0,0,0,0,0,0,0,0
0,0,1,0,0,0,0,0
0,0,0,0,0,0,0,1
0,0,0,0,0,0,0,0
0,2,0,0,0,0,0,1
0,0,0,0,0,0,0,0
0,0,0,0,0,0,0,2
0,0,0,0,0,0,0,0
0,0,0,0,0,0,0,0
1,0,0,0,0,1,0,0
0,0,0,0,0,0,0,1
0,0,0,1,0,0,0,1
0,0,0,0,1,0,0,0
0,0,0,0,2,0,0,0
1,0,0,1,0,0,1,0
0,1,0,0,0,0,0,0
0,0,0,0,0,0,0,0
0,0,0,0,0,0,0,0
1,0,0,0,0,0,0,0
2,0,0,0,0,0,0,0
0,0,1,0,0,0,0,0
0,0,1,0,0,0,1,0
0,0,0,0,0,0,0,0
0,0,0,0,0,0,0,0
0,0,0,0,0,0,0,0
0,0,0,0,0,0,1,0
0,0,0,0,0,0,0,0
0,0,0,0,0,0,0,1
0,0,0,0,0,0,0,0
0,0,0,0,0,0,0,0
0,0,0,0,0,0,0,0
0,0,0,0,0,0,0,0
0,0,0,0,0,0,0,0
0,0,0,0,0,0,0,0
0,0,0,0,0,0,0,1
0,0,0,0,0,0,0,0
0,0,0,0,0,0,0,0
0,0,0,0,0,0,0,0
0,0,0,0,0,0,0,0
0,0,0,0,0,0,0,0
0,0,0,0,0,0,1,0
0,0,0,0,0,0,0,0
0,0,0,0,0,0,0,0
0,0,0,0,0,0,0,0
0,0,0,0,0,0,0,0
0,0,0,0,0,0,0,0
0,0,0,0,0,0,0,0
0,0,0,0,0,0,0,0
0,0,0,0,0,0,0,0
0,0,0,0,0,0,0,0
0,0,0,0,0,0,0,0
0,0,0,0,0,0,0,0
0,0,0,0,0,0,0,0
0,0,0,0,0,0,0,0
0,0,0,0,0,0,0,0
0,0,0,0,1,0,0,0
0,0,0,0,0,0,0,0
0,0,0,0,0,0,0,0
0,0,0,0,0,0,0,0
0,0,0,0,0,0,0,0
0,0,0,0,0,0,0,0
0,0,0,0,0,0,0,0
0,0,0,0,0,0,0,0
0,0,0,0,0,0,0,0
0,0,0,0,0,0,0,0
0,0,0,0,0,0,0,0
0,0,0,0,0,0,0,0
0,0,0,0,0,0,0,0
0,0,0,0,0,0,0,0
0,0,0,0,0,0,0,0
0,0,0,0,0,0,0,0
