# Converted file from inputfile C02.CHN
# MCA number or Detector number: 1
# Segment number (set to 1 in UMCBI): 1
# ASCII seconds of start time: 14388
# Real Time (s): 22.0400
# Live Time (s) : 21.9600
# Start Date (DDMMMYY): 31DEC99
# Start time (HHMM): 1633
# Channel offset of data: 0
# Number of channels (length of data): 1024

# Data: 

0 	 0
1 	 0
2 	 0
3 	 0
4 	 0
5 	 0
6 	 0
7 	 0
8 	 1
9 	 5
10 	 7
11 	 21
12 	 12
13 	 21
14 	 20
15 	 20
16 	 16
17 	 17
18 	 13
19 	 33
20 	 21
21 	 13
22 	 31
23 	 16
24 	 17
25 	 27
26 	 18
27 	 18
28 	 25
29 	 23
30 	 28
31 	 18
32 	 19
33 	 25
34 	 13
35 	 27
36 	 25
37 	 14
38 	 17
39 	 26
40 	 26
41 	 30
42 	 35
43 	 25
44 	 21
45 	 22
46 	 28
47 	 26
48 	 24
49 	 23
50 	 31
51 	 24
52 	 23
53 	 35
54 	 27
55 	 27
56 	 36
57 	 21
58 	 29
59 	 24
60 	 42
61 	 22
62 	 22
63 	 39
64 	 25
65 	 39
66 	 25
67 	 26
68 	 35
69 	 38
70 	 42
71 	 25
72 	 42
73 	 21
74 	 24
75 	 34
76 	 31
77 	 29
78 	 25
79 	 33
80 	 34
81 	 28
82 	 34
83 	 37
84 	 34
85 	 30
86 	 41
87 	 37
88 	 28
89 	 35
90 	 41
91 	 35
92 	 36
93 	 40
94 	 28
95 	 31
96 	 29
97 	 35
98 	 45
99 	 33
100 	 40
101 	 32
102 	 24
103 	 32
104 	 21
105 	 31
106 	 31
107 	 27
108 	 30
109 	 27
110 	 47
111 	 32
112 	 21
113 	 29
114 	 26
115 	 35
116 	 23
117 	 28
118 	 29
119 	 29
120 	 33
121 	 22
122 	 33
123 	 34
124 	 18
125 	 29
126 	 23
127 	 25
128 	 30
129 	 31
130 	 26
131 	 29
132 	 25
133 	 34
134 	 31
135 	 29
136 	 38
137 	 23
138 	 31
139 	 33
140 	 36
141 	 27
142 	 26
143 	 25
144 	 26
145 	 22
146 	 32
147 	 28
148 	 40
149 	 31
150 	 31
151 	 32
152 	 43
153 	 25
154 	 34
155 	 28
156 	 18
157 	 21
158 	 31
159 	 28
160 	 35
161 	 30
162 	 41
163 	 31
164 	 25
165 	 27
166 	 24
167 	 32
168 	 30
169 	 27
170 	 31
171 	 34
172 	 26
173 	 28
174 	 34
175 	 32
176 	 24
177 	 29
178 	 30
179 	 31
180 	 31
181 	 31
182 	 27
183 	 29
184 	 34
185 	 30
186 	 34
187 	 18
188 	 33
189 	 44
190 	 36
191 	 30
192 	 35
193 	 21
194 	 26
195 	 39
196 	 31
197 	 19
198 	 17
199 	 17
200 	 18
201 	 16
202 	 20
203 	 24
204 	 18
205 	 13
206 	 21
207 	 20
208 	 18
209 	 16
210 	 12
211 	 11
212 	 14
213 	 12
214 	 10
215 	 16
216 	 12
217 	 11
218 	 12
219 	 14
220 	 7
221 	 15
222 	 11
223 	 9
224 	 9
225 	 12
226 	 13
227 	 4
228 	 13
229 	 10
230 	 10
231 	 4
232 	 14
233 	 6
234 	 7
235 	 15
236 	 3
237 	 8
238 	 7
239 	 10
240 	 7
241 	 4
242 	 13
243 	 6
244 	 11
245 	 11
246 	 11
247 	 12
248 	 20
249 	 11
250 	 9
251 	 7
252 	 9
253 	 18
254 	 9
255 	 11
256 	 14
257 	 11
258 	 11
259 	 13
260 	 16
261 	 17
262 	 11
263 	 23
264 	 21
265 	 31
266 	 19
267 	 32
268 	 31
269 	 42
270 	 61
271 	 58
272 	 78
273 	 64
274 	 88
275 	 94
276 	 104
277 	 161
278 	 159
279 	 144
280 	 171
281 	 184
282 	 174
283 	 197
284 	 215
285 	 206
286 	 220
287 	 218
288 	 229
289 	 207
290 	 200
291 	 214
292 	 170
293 	 165
294 	 150
295 	 141
296 	 116
297 	 109
298 	 86
299 	 90
300 	 64
301 	 58
302 	 49
303 	 45
304 	 33
305 	 23
306 	 17
307 	 16
308 	 3
309 	 5
310 	 8
311 	 8
312 	 2
313 	 3
314 	 2
315 	 2
316 	 0
317 	 1
318 	 0
319 	 1
320 	 0
321 	 0
322 	 1
323 	 2
324 	 0
325 	 0
326 	 1
327 	 2
328 	 0
329 	 0
330 	 0
331 	 0
332 	 0
333 	 1
334 	 0
335 	 0
336 	 0
337 	 1
338 	 0
339 	 1
340 	 0
341 	 0
342 	 0
343 	 0
344 	 0
345 	 0
346 	 0
347 	 0
348 	 1
349 	 0
350 	 0
351 	 1
352 	 0
353 	 0
354 	 0
355 	 1
356 	 0
357 	 0
358 	 0
359 	 0
360 	 0
361 	 0
362 	 0
363 	 0
364 	 0
365 	 0
366 	 0
367 	 0
368 	 0
369 	 2
370 	 0
371 	 0
372 	 0
373 	 1
374 	 0
375 	 2
376 	 0
377 	 0
378 	 0
379 	 0
380 	 0
381 	 0
382 	 0
383 	 0
384 	 0
385 	 1
386 	 0
387 	 1
388 	 1
389 	 0
390 	 0
391 	 0
392 	 0
393 	 0
394 	 0
395 	 1
396 	 1
397 	 0
398 	 0
399 	 0
400 	 0
401 	 0
402 	 0
403 	 0
404 	 0
405 	 0
406 	 0
407 	 0
408 	 0
409 	 0
410 	 0
411 	 0
412 	 0
413 	 0
414 	 0
415 	 2
416 	 0
417 	 0
418 	 0
419 	 0
420 	 0
421 	 0
422 	 1
423 	 1
424 	 1
425 	 0
426 	 0
427 	 0
428 	 1
429 	 0
430 	 0
431 	 0
432 	 0
433 	 0
434 	 0
435 	 0
436 	 0
437 	 1
438 	 0
439 	 1
440 	 1
441 	 0
442 	 0
443 	 0
444 	 0
445 	 0
446 	 0
447 	 1
448 	 0
449 	 0
450 	 0
451 	 0
452 	 0
453 	 0
454 	 0
455 	 1
456 	 0
457 	 0
458 	 0
459 	 0
460 	 0
461 	 0
462 	 0
463 	 0
464 	 0
465 	 0
466 	 1
467 	 0
468 	 0
469 	 0
470 	 0
471 	 0
472 	 0
473 	 0
474 	 0
475 	 0
476 	 0
477 	 0
478 	 0
479 	 1
480 	 0
481 	 0
482 	 0
483 	 0
484 	 0
485 	 0
486 	 0
487 	 0
488 	 0
489 	 2
490 	 0
491 	 0
492 	 0
493 	 0
494 	 0
495 	 1
496 	 0
497 	 0
498 	 0
499 	 0
500 	 0
501 	 0
502 	 0
503 	 0
504 	 0
505 	 0
506 	 0
507 	 0
508 	 0
509 	 0
510 	 0
511 	 2
512 	 0
513 	 0
514 	 0
515 	 0
516 	 0
517 	 0
518 	 0
519 	 0
520 	 0
521 	 0
522 	 0
523 	 0
524 	 0
525 	 0
526 	 0
527 	 0
528 	 1
529 	 0
530 	 0
531 	 0
532 	 0
533 	 1
534 	 0
535 	 0
536 	 0
537 	 0
538 	 0
539 	 0
540 	 0
541 	 0
542 	 0
543 	 1
544 	 0
545 	 0
546 	 0
547 	 1
548 	 0
549 	 0
550 	 0
551 	 1
552 	 0
553 	 0
554 	 0
555 	 0
556 	 1
557 	 0
558 	 0
559 	 0
560 	 0
561 	 0
562 	 0
563 	 0
564 	 2
565 	 0
566 	 0
567 	 0
568 	 1
569 	 0
570 	 0
571 	 1
572 	 0
573 	 0
574 	 1
575 	 0
576 	 0
577 	 1
578 	 0
579 	 0
580 	 0
581 	 0
582 	 0
583 	 0
584 	 0
585 	 0
586 	 0
587 	 0
588 	 0
589 	 0
590 	 0
591 	 0
592 	 0
593 	 0
594 	 0
595 	 0
596 	 0
597 	 0
598 	 0
599 	 0
600 	 1
601 	 0
602 	 0
603 	 0
604 	 0
605 	 0
606 	 0
607 	 0
608 	 2
609 	 0
610 	 0
611 	 0
612 	 0
613 	 0
614 	 0
615 	 0
616 	 0
617 	 0
618 	 1
619 	 0
620 	 0
621 	 0
622 	 0
623 	 0
624 	 0
625 	 0
626 	 1
627 	 0
628 	 0
629 	 0
630 	 1
631 	 0
632 	 0
633 	 0
634 	 0
635 	 0
636 	 0
637 	 0
638 	 0
639 	 0
640 	 0
641 	 0
642 	 0
643 	 0
644 	 0
645 	 0
646 	 0
647 	 0
648 	 0
649 	 0
650 	 0
651 	 0
652 	 0
653 	 0
654 	 0
655 	 0
656 	 0
657 	 0
658 	 0
659 	 0
660 	 0
661 	 0
662 	 1
663 	 0
664 	 0
665 	 0
666 	 0
667 	 0
668 	 0
669 	 0
670 	 0
671 	 0
672 	 0
673 	 0
674 	 0
675 	 0
676 	 0
677 	 0
678 	 0
679 	 1
680 	 0
681 	 0
682 	 0
683 	 0
684 	 0
685 	 0
686 	 0
687 	 0
688 	 0
689 	 0
690 	 0
691 	 0
692 	 0
693 	 0
694 	 0
695 	 0
696 	 0
697 	 0
698 	 0
699 	 0
700 	 0
701 	 0
702 	 0
703 	 0
704 	 0
705 	 0
706 	 0
707 	 0
708 	 0
709 	 0
710 	 0
711 	 0
712 	 0
713 	 0
714 	 0
715 	 0
716 	 0
717 	 0
718 	 0
719 	 0
720 	 0
721 	 0
722 	 0
723 	 0
724 	 0
725 	 0
726 	 0
727 	 0
728 	 0
729 	 0
730 	 0
731 	 0
732 	 0
733 	 0
734 	 0
735 	 1
736 	 0
737 	 0
738 	 0
739 	 0
740 	 0
741 	 0
742 	 0
743 	 0
744 	 0
745 	 0
746 	 0
747 	 0
748 	 0
749 	 0
750 	 0
751 	 0
752 	 0
753 	 0
754 	 0
755 	 0
756 	 0
757 	 0
758 	 0
759 	 0
760 	 0
761 	 0
762 	 0
763 	 0
764 	 0
765 	 0
766 	 0
767 	 0
768 	 0
769 	 0
770 	 0
771 	 0
772 	 0
773 	 0
774 	 0
775 	 0
776 	 0
777 	 0
778 	 0
779 	 0
780 	 0
781 	 0
782 	 1
783 	 0
784 	 0
785 	 0
786 	 0
787 	 0
788 	 0
789 	 0
790 	 0
791 	 0
792 	 0
793 	 0
794 	 0
795 	 0
796 	 0
797 	 0
798 	 0
799 	 0
800 	 0
801 	 0
802 	 0
803 	 0
804 	 0
805 	 0
806 	 0
807 	 0
808 	 0
809 	 0
810 	 0
811 	 0
812 	 0
813 	 0
814 	 0
815 	 0
816 	 0
817 	 0
818 	 0
819 	 0
820 	 0
821 	 0
822 	 0
823 	 0
824 	 0
825 	 0
826 	 0
827 	 0
828 	 0
829 	 0
830 	 0
831 	 0
832 	 0
833 	 0
834 	 0
835 	 0
836 	 0
837 	 0
838 	 0
839 	 0
840 	 0
841 	 0
842 	 0
843 	 0
844 	 0
845 	 0
846 	 0
847 	 0
848 	 0
849 	 0
850 	 0
851 	 0
852 	 0
853 	 0
854 	 0
855 	 0
856 	 0
857 	 0
858 	 0
859 	 0
860 	 0
861 	 0
862 	 0
863 	 0
864 	 0
865 	 0
866 	 0
867 	 0
868 	 0
869 	 0
870 	 0
871 	 0
872 	 0
873 	 0
874 	 0
875 	 0
876 	 0
877 	 0
878 	 0
879 	 0
880 	 0
881 	 0
882 	 0
883 	 0
884 	 0
885 	 0
886 	 0
887 	 0
888 	 0
889 	 0
890 	 0
891 	 0
892 	 0
893 	 0
894 	 0
895 	 0
896 	 0
897 	 0
898 	 0
899 	 0
900 	 1
901 	 0
902 	 0
903 	 0
904 	 0
905 	 0
906 	 0
907 	 0
908 	 0
909 	 0
910 	 0
911 	 0
912 	 0
913 	 0
914 	 0
915 	 0
916 	 0
917 	 0
918 	 0
919 	 0
920 	 0
921 	 0
922 	 0
923 	 0
924 	 0
925 	 0
926 	 0
927 	 0
928 	 0
929 	 0
930 	 0
931 	 0
932 	 0
933 	 0
934 	 0
935 	 0
936 	 0
937 	 0
938 	 0
939 	 0
940 	 0
941 	 0
942 	 0
943 	 0
944 	 0
945 	 0
946 	 0
947 	 0
948 	 0
949 	 0
950 	 0
951 	 0
952 	 0
953 	 0
954 	 0
955 	 0
956 	 0
957 	 0
958 	 0
959 	 0
960 	 0
961 	 0
962 	 0
963 	 0
964 	 0
965 	 0
966 	 0
967 	 0
968 	 0
969 	 0
970 	 0
971 	 0
972 	 0
973 	 0
974 	 0
975 	 0
976 	 0
977 	 0
978 	 0
979 	 0
980 	 0
981 	 0
982 	 0
983 	 0
984 	 0
985 	 0
986 	 0
987 	 0
988 	 0
989 	 0
990 	 0
991 	 0
992 	 0
993 	 0
994 	 0
995 	 0
996 	 0
997 	 0
998 	 0
999 	 0
1000 	 0
1001 	 0
1002 	 0
1003 	 0
1004 	 0
1005 	 0
1006 	 0
1007 	 0
1008 	 0
1009 	 0
1010 	 0
1011 	 0
1012 	 0
1013 	 0
1014 	 0
1015 	 0
1016 	 0
1017 	 0
1018 	 0
1019 	 0
1020 	 0
1021 	 0
1022 	 0
1023 	 0


# Energy calibration zero intercept, 0.0 for uncalibrated spectrum: 0.00000
# Energy calibration slope, 1.0 for uncalibrated spectrum: 0.00000
# Energy calibration quadratic term, 0.0 for uncalibrated spectrum: 0.00000
# Peak shape calibration zero intercept, 1.0 for uncalibrated spectrum: 1.00000
# Peak shape calibration slope, 0.0 for uncalibrated spectrum: 0.00000
# Peak shape calibration quadratic term, 0.0 for uncalibrated spectrum: 0.00000
# Detector description: 
# Sample description: 
