# Converted file from inputfile C08.CHN
# MCA number or Detector number: 1
# Segment number (set to 1 in UMCBI): 1
# ASCII seconds of start time: 14389
# Real Time (s): 25.5000
# Live Time (s) : 25.4200
# Start Date (DDMMMYY): 31DEC99
# Start time (HHMM): 1634
# Channel offset of data: 0
# Number of channels (length of data): 1024

# Data: 

0 	 0
1 	 0
2 	 0
3 	 0
4 	 0
5 	 0
6 	 0
7 	 0
8 	 0
9 	 3
10 	 6
11 	 8
12 	 19
13 	 17
14 	 27
15 	 22
16 	 20
17 	 23
18 	 27
19 	 27
20 	 23
21 	 28
22 	 14
23 	 22
24 	 23
25 	 24
26 	 25
27 	 21
28 	 27
29 	 26
30 	 17
31 	 20
32 	 25
33 	 22
34 	 27
35 	 25
36 	 28
37 	 28
38 	 31
39 	 31
40 	 25
41 	 25
42 	 26
43 	 26
44 	 25
45 	 42
46 	 34
47 	 30
48 	 31
49 	 38
50 	 21
51 	 39
52 	 24
53 	 31
54 	 33
55 	 37
56 	 30
57 	 32
58 	 31
59 	 30
60 	 31
61 	 36
62 	 40
63 	 25
64 	 26
65 	 37
66 	 41
67 	 33
68 	 41
69 	 31
70 	 36
71 	 28
72 	 25
73 	 49
74 	 31
75 	 38
76 	 41
77 	 36
78 	 45
79 	 41
80 	 42
81 	 39
82 	 36
83 	 42
84 	 38
85 	 35
86 	 40
87 	 40
88 	 39
89 	 44
90 	 50
91 	 40
92 	 38
93 	 39
94 	 37
95 	 37
96 	 32
97 	 42
98 	 40
99 	 32
100 	 42
101 	 21
102 	 32
103 	 43
104 	 42
105 	 35
106 	 34
107 	 32
108 	 40
109 	 33
110 	 35
111 	 41
112 	 38
113 	 42
114 	 25
115 	 34
116 	 33
117 	 42
118 	 30
119 	 44
120 	 29
121 	 30
122 	 41
123 	 33
124 	 29
125 	 31
126 	 31
127 	 31
128 	 39
129 	 34
130 	 30
131 	 25
132 	 45
133 	 18
134 	 33
135 	 28
136 	 19
137 	 41
138 	 34
139 	 29
140 	 33
141 	 35
142 	 42
143 	 35
144 	 37
145 	 35
146 	 27
147 	 38
148 	 41
149 	 26
150 	 33
151 	 34
152 	 32
153 	 39
154 	 25
155 	 33
156 	 31
157 	 33
158 	 20
159 	 37
160 	 34
161 	 29
162 	 36
163 	 33
164 	 27
165 	 32
166 	 32
167 	 40
168 	 36
169 	 33
170 	 33
171 	 42
172 	 29
173 	 30
174 	 37
175 	 31
176 	 30
177 	 32
178 	 34
179 	 26
180 	 32
181 	 27
182 	 36
183 	 34
184 	 37
185 	 26
186 	 40
187 	 37
188 	 36
189 	 26
190 	 42
191 	 34
192 	 36
193 	 34
194 	 32
195 	 30
196 	 27
197 	 25
198 	 28
199 	 30
200 	 28
201 	 28
202 	 26
203 	 22
204 	 21
205 	 21
206 	 18
207 	 18
208 	 14
209 	 19
210 	 19
211 	 16
212 	 14
213 	 9
214 	 14
215 	 22
216 	 11
217 	 10
218 	 9
219 	 12
220 	 12
221 	 20
222 	 18
223 	 14
224 	 8
225 	 13
226 	 13
227 	 9
228 	 8
229 	 5
230 	 10
231 	 10
232 	 8
233 	 13
234 	 12
235 	 9
236 	 11
237 	 8
238 	 15
239 	 9
240 	 16
241 	 8
242 	 7
243 	 14
244 	 9
245 	 13
246 	 12
247 	 9
248 	 11
249 	 14
250 	 10
251 	 9
252 	 7
253 	 16
254 	 12
255 	 8
256 	 16
257 	 11
258 	 15
259 	 17
260 	 14
261 	 22
262 	 19
263 	 23
264 	 21
265 	 32
266 	 29
267 	 53
268 	 46
269 	 44
270 	 69
271 	 55
272 	 83
273 	 99
274 	 115
275 	 109
276 	 141
277 	 160
278 	 154
279 	 164
280 	 181
281 	 194
282 	 217
283 	 234
284 	 244
285 	 242
286 	 247
287 	 227
288 	 236
289 	 244
290 	 228
291 	 214
292 	 238
293 	 191
294 	 151
295 	 149
296 	 132
297 	 96
298 	 101
299 	 92
300 	 75
301 	 69
302 	 52
303 	 46
304 	 23
305 	 37
306 	 32
307 	 17
308 	 14
309 	 10
310 	 5
311 	 8
312 	 2
313 	 3
314 	 3
315 	 2
316 	 2
317 	 0
318 	 2
319 	 0
320 	 0
321 	 0
322 	 0
323 	 0
324 	 0
325 	 0
326 	 1
327 	 0
328 	 0
329 	 1
330 	 0
331 	 0
332 	 2
333 	 0
334 	 0
335 	 0
336 	 0
337 	 0
338 	 0
339 	 0
340 	 0
341 	 0
342 	 0
343 	 0
344 	 0
345 	 1
346 	 0
347 	 0
348 	 1
349 	 1
350 	 0
351 	 0
352 	 0
353 	 0
354 	 0
355 	 0
356 	 2
357 	 0
358 	 1
359 	 0
360 	 1
361 	 0
362 	 0
363 	 0
364 	 0
365 	 0
366 	 0
367 	 1
368 	 0
369 	 0
370 	 0
371 	 0
372 	 0
373 	 1
374 	 0
375 	 0
376 	 0
377 	 0
378 	 0
379 	 0
380 	 1
381 	 0
382 	 1
383 	 0
384 	 0
385 	 0
386 	 0
387 	 0
388 	 0
389 	 0
390 	 1
391 	 0
392 	 0
393 	 0
394 	 1
395 	 1
396 	 0
397 	 0
398 	 0
399 	 0
400 	 0
401 	 0
402 	 0
403 	 0
404 	 0
405 	 0
406 	 1
407 	 0
408 	 0
409 	 0
410 	 0
411 	 0
412 	 0
413 	 1
414 	 0
415 	 0
416 	 0
417 	 0
418 	 0
419 	 0
420 	 0
421 	 1
422 	 0
423 	 0
424 	 1
425 	 0
426 	 0
427 	 1
428 	 1
429 	 0
430 	 0
431 	 0
432 	 0
433 	 0
434 	 0
435 	 0
436 	 0
437 	 0
438 	 2
439 	 0
440 	 0
441 	 0
442 	 0
443 	 0
444 	 0
445 	 0
446 	 0
447 	 0
448 	 0
449 	 0
450 	 0
451 	 1
452 	 0
453 	 0
454 	 0
455 	 0
456 	 0
457 	 0
458 	 0
459 	 0
460 	 0
461 	 0
462 	 0
463 	 0
464 	 0
465 	 0
466 	 0
467 	 0
468 	 0
469 	 0
470 	 0
471 	 1
472 	 1
473 	 1
474 	 0
475 	 0
476 	 1
477 	 0
478 	 0
479 	 0
480 	 1
481 	 0
482 	 1
483 	 0
484 	 0
485 	 0
486 	 0
487 	 0
488 	 0
489 	 0
490 	 0
491 	 0
492 	 0
493 	 0
494 	 0
495 	 0
496 	 0
497 	 1
498 	 0
499 	 0
500 	 0
501 	 0
502 	 0
503 	 0
504 	 0
505 	 0
506 	 0
507 	 0
508 	 1
509 	 0
510 	 0
511 	 1
512 	 0
513 	 0
514 	 0
515 	 0
516 	 0
517 	 0
518 	 0
519 	 0
520 	 0
521 	 0
522 	 0
523 	 0
524 	 0
525 	 0
526 	 0
527 	 0
528 	 0
529 	 0
530 	 0
531 	 0
532 	 0
533 	 0
534 	 0
535 	 0
536 	 0
537 	 0
538 	 0
539 	 0
540 	 0
541 	 0
542 	 0
543 	 0
544 	 0
545 	 0
546 	 0
547 	 0
548 	 0
549 	 1
550 	 0
551 	 0
552 	 0
553 	 0
554 	 0
555 	 0
556 	 0
557 	 0
558 	 0
559 	 0
560 	 0
561 	 0
562 	 0
563 	 0
564 	 1
565 	 0
566 	 0
567 	 0
568 	 1
569 	 0
570 	 0
571 	 0
572 	 0
573 	 0
574 	 0
575 	 0
576 	 0
577 	 1
578 	 0
579 	 0
580 	 0
581 	 1
582 	 0
583 	 0
584 	 0
585 	 1
586 	 0
587 	 0
588 	 0
589 	 0
590 	 0
591 	 0
592 	 0
593 	 0
594 	 0
595 	 0
596 	 0
597 	 0
598 	 0
599 	 0
600 	 0
601 	 0
602 	 0
603 	 0
604 	 0
605 	 0
606 	 0
607 	 0
608 	 0
609 	 0
610 	 0
611 	 0
612 	 1
613 	 0
614 	 0
615 	 0
616 	 0
617 	 0
618 	 0
619 	 0
620 	 0
621 	 0
622 	 0
623 	 1
624 	 0
625 	 0
626 	 0
627 	 0
628 	 0
629 	 0
630 	 0
631 	 0
632 	 0
633 	 0
634 	 0
635 	 0
636 	 0
637 	 0
638 	 0
639 	 0
640 	 1
641 	 0
642 	 0
643 	 0
644 	 0
645 	 0
646 	 0
647 	 0
648 	 0
649 	 0
650 	 0
651 	 0
652 	 0
653 	 0
654 	 0
655 	 0
656 	 0
657 	 0
658 	 0
659 	 0
660 	 0
661 	 0
662 	 0
663 	 0
664 	 0
665 	 1
666 	 0
667 	 0
668 	 0
669 	 0
670 	 0
671 	 0
672 	 0
673 	 0
674 	 0
675 	 0
676 	 0
677 	 0
678 	 0
679 	 0
680 	 0
681 	 1
682 	 0
683 	 0
684 	 1
685 	 0
686 	 0
687 	 0
688 	 0
689 	 0
690 	 0
691 	 0
692 	 0
693 	 0
694 	 0
695 	 0
696 	 0
697 	 0
698 	 0
699 	 0
700 	 0
701 	 0
702 	 0
703 	 0
704 	 0
705 	 0
706 	 0
707 	 0
708 	 0
709 	 0
710 	 0
711 	 0
712 	 0
713 	 0
714 	 0
715 	 0
716 	 0
717 	 0
718 	 0
719 	 0
720 	 0
721 	 0
722 	 0
723 	 0
724 	 0
725 	 0
726 	 0
727 	 0
728 	 0
729 	 0
730 	 0
731 	 0
732 	 0
733 	 0
734 	 0
735 	 0
736 	 0
737 	 0
738 	 0
739 	 1
740 	 0
741 	 0
742 	 0
743 	 0
744 	 0
745 	 0
746 	 0
747 	 0
748 	 0
749 	 0
750 	 0
751 	 0
752 	 0
753 	 0
754 	 0
755 	 0
756 	 0
757 	 0
758 	 0
759 	 0
760 	 0
761 	 0
762 	 0
763 	 0
764 	 0
765 	 0
766 	 0
767 	 0
768 	 0
769 	 0
770 	 0
771 	 0
772 	 0
773 	 0
774 	 0
775 	 0
776 	 0
777 	 0
778 	 0
779 	 0
780 	 0
781 	 0
782 	 0
783 	 0
784 	 0
785 	 0
786 	 0
787 	 0
788 	 0
789 	 0
790 	 0
791 	 0
792 	 0
793 	 0
794 	 0
795 	 0
796 	 0
797 	 0
798 	 0
799 	 0
800 	 0
801 	 0
802 	 0
803 	 0
804 	 0
805 	 0
806 	 0
807 	 0
808 	 0
809 	 0
810 	 0
811 	 0
812 	 0
813 	 0
814 	 0
815 	 0
816 	 0
817 	 0
818 	 0
819 	 0
820 	 0
821 	 0
822 	 0
823 	 0
824 	 0
825 	 0
826 	 0
827 	 0
828 	 0
829 	 0
830 	 0
831 	 0
832 	 0
833 	 0
834 	 0
835 	 0
836 	 0
837 	 0
838 	 0
839 	 0
840 	 0
841 	 0
842 	 0
843 	 0
844 	 0
845 	 0
846 	 0
847 	 0
848 	 0
849 	 0
850 	 0
851 	 0
852 	 0
853 	 0
854 	 0
855 	 0
856 	 0
857 	 0
858 	 0
859 	 0
860 	 0
861 	 0
862 	 0
863 	 1
864 	 0
865 	 1
866 	 0
867 	 0
868 	 1
869 	 0
870 	 1
871 	 0
872 	 0
873 	 0
874 	 0
875 	 0
876 	 0
877 	 0
878 	 0
879 	 0
880 	 0
881 	 0
882 	 0
883 	 0
884 	 1
885 	 0
886 	 0
887 	 0
888 	 0
889 	 0
890 	 0
891 	 0
892 	 0
893 	 0
894 	 0
895 	 0
896 	 0
897 	 0
898 	 0
899 	 1
900 	 0
901 	 0
902 	 0
903 	 0
904 	 0
905 	 0
906 	 0
907 	 0
908 	 0
909 	 0
910 	 0
911 	 0
912 	 0
913 	 0
914 	 0
915 	 0
916 	 0
917 	 0
918 	 0
919 	 0
920 	 0
921 	 0
922 	 0
923 	 0
924 	 0
925 	 0
926 	 0
927 	 0
928 	 0
929 	 0
930 	 0
931 	 0
932 	 0
933 	 1
934 	 0
935 	 0
936 	 0
937 	 0
938 	 0
939 	 0
940 	 0
941 	 0
942 	 0
943 	 0
944 	 0
945 	 0
946 	 0
947 	 1
948 	 0
949 	 1
950 	 0
951 	 0
952 	 0
953 	 0
954 	 0
955 	 0
956 	 0
957 	 0
958 	 0
959 	 0
960 	 0
961 	 0
962 	 0
963 	 0
964 	 0
965 	 0
966 	 0
967 	 0
968 	 1
969 	 0
970 	 0
971 	 0
972 	 0
973 	 0
974 	 0
975 	 0
976 	 0
977 	 0
978 	 0
979 	 0
980 	 0
981 	 0
982 	 0
983 	 0
984 	 0
985 	 0
986 	 0
987 	 0
988 	 0
989 	 0
990 	 0
991 	 0
992 	 0
993 	 0
994 	 0
995 	 0
996 	 0
997 	 0
998 	 0
999 	 0
1000 	 0
1001 	 0
1002 	 0
1003 	 0
1004 	 0
1005 	 0
1006 	 0
1007 	 0
1008 	 0
1009 	 0
1010 	 0
1011 	 0
1012 	 0
1013 	 0
1014 	 0
1015 	 0
1016 	 0
1017 	 0
1018 	 0
1019 	 0
1020 	 1
1021 	 0
1022 	 0
1023 	 0


# Energy calibration zero intercept, 0.0 for uncalibrated spectrum: 0.00000
# Energy calibration slope, 1.0 for uncalibrated spectrum: 0.00000
# Energy calibration quadratic term, 0.0 for uncalibrated spectrum: 0.00000
# Peak shape calibration zero intercept, 1.0 for uncalibrated spectrum: 1.00000
# Peak shape calibration slope, 0.0 for uncalibrated spectrum: 0.00000
# Peak shape calibration quadratic term, 0.0 for uncalibrated spectrum: 0.00000
# Detector description: 
# Sample description: 
