SpectrumName : C08.SPC
XUnit        : 
YUnit        : 
Length       : 1024
SubSpcNum    : 1
StartSubSpc  : 0
StopSubSpc   : 0
Comment      : 
Realtime     : 25.500
Livetime     : 25.410
Deadtime     : 0.090
FastChannel  : 12810
Starttime    : 31.12.1999 16:34:58
Stoptime     : 31.12.1999 16:35:24
CalibCoeff   : a=0.000000000E+000 b=0.000000000E+000 c=0.000000000E+000 d=0.000000000E+000
SpectrumText : 0 
0,0,0,0,0,0,0,0
0,3,6,8,19,17,27,22
20,23,27,27,23,28,14,22
23,24,25,21,27,26,17,20
25,22,27,25,28,28,31,31
25,25,26,26,25,42,34,30
31,38,21,39,24,31,33,37
30,32,31,30,31,36,40,25
26,37,41,33,41,31,36,28
25,49,31,38,41,36,45,41
42,39,36,42,38,35,40,40
39,44,50,40,38,39,37,37
32,42,40,32,42,21,32,43
42,35,34,32,40,33,35,41
38,42,25,34,33,42,30,44
29,30,41,33,29,31,31,31
39,34,30,25,45,18,33,28
19,41,34,29,33,35,42,35
37,35,27,38,41,26,33,34
32,39,25,33,31,33,20,37
34,29,36,33,27,32,32,40
36,33,33,42,29,30,37,31
30,32,34,26,32,27,36,34
37,26,40,37,36,26,42,34
36,34,32,30,27,25,28,30
28,28,26,22,21,21,18,18
14,19,19,16,14,9,14,22
11,10,9,12,12,20,18,14
8,13,13,9,8,5,10,10
8,13,12,9,11,8,15,9
16,8,7,14,9,13,12,9
11,14,10,9,7,16,12,8
16,11,15,17,14,22,19,23
21,32,29,53,46,44,69,55
83,99,115,109,141,160,154,164
181,194,217,234,244,242,247,227
236,244,228,214,238,191,151,149
132,96,101,92,75,69,52,46
23,37,32,17,14,10,5,8
2,3,3,2,2,0,2,0
0,0,0,0,0,0,1,0
0,1,0,0,2,0,0,0
0,0,0,0,0,0,0,0
0,1,0,0,1,1,0,0
0,0,0,0,2,0,1,0
1,0,0,0,0,0,0,1
0,0,0,0,0,1,0,0
0,0,0,0,1,0,1,0
0,0,0,0,0,0,1,0
0,0,1,1,0,0,0,0
0,0,0,0,0,0,1,0
0,0,0,0,0,1,0,0
0,0,0,0,0,1,0,0
1,0,0,1,1,0,0,0
0,0,0,0,0,0,2,0
0,0,0,0,0,0,0,0
0,0,0,1,0,0,0,0
0,0,0,0,0,0,0,0
0,0,0,0,0,0,0,1
1,1,0,0,1,0,0,0
1,0,1,0,0,0,0,0
0,0,0,0,0,0,0,0
0,1,0,0,0,0,0,0
0,0,0,0,1,0,0,1
0,0,0,0,0,0,0,0
0,0,0,0,0,0,0,0
0,0,0,0,0,0,0,0
0,0,0,0,0,0,0,0
0,0,0,0,0,1,0,0
0,0,0,0,0,0,0,0
0,0,0,0,1,0,0,0
1,0,0,0,0,0,0,0
0,1,0,0,0,1,0,0
0,1,0,0,0,0,0,0
0,0,0,0,0,0,0,0
0,0,0,0,0,0,0,0
0,0,0,0,1,0,0,0
0,0,0,0,0,0,0,1
0,0,0,0,0,0,0,0
0,0,0,0,0,0,0,0
1,0,0,0,0,0,0,0
0,0,0,0,0,0,0,0
0,0,0,0,0,0,0,0
0,1,0,0,0,0,0,0
0,0,0,0,0,0,0,0
0,1,0,0,1,0,0,0
0,0,0,0,0,0,0,0
0,0,0,0,0,0,0,0
0,0,0,0,0,0,0,0
0,0,0,0,0,0,0,0
0,0,0,0,0,0,0,0
0,0,0,0,0,0,0,0
0,0,0,1,0,0,0,0
0,0,0,0,0,0,0,0
0,0,0,0,0,0,0,0
0,0,0,0,0,0,0,0
0,0,0,0,0,0,0,0
0,0,0,0,0,0,0,0
0,0,0,0,0,0,0,0
0,0,0,0,0,0,0,0
0,0,0,0,0,0,0,0
0,0,0,0,0,0,0,0
0,0,0,0,0,0,0,0
0,0,0,0,0,0,0,0
0,0,0,0,0,0,0,0
0,0,0,0,0,0,0,0
0,0,0,0,0,0,0,0
0,0,0,0,0,0,0,1
0,1,0,0,1,0,1,0
0,0,0,0,0,0,0,0
0,0,0,0,1,0,0,0
0,0,0,0,0,0,0,0
0,0,0,1,0,0,0,0
0,0,0,0,0,0,0,0
0,0,0,0,0,0,0,0
0,0,0,0,0,0,0,0
0,0,0,0,0,1,0,0
0,0,0,0,0,0,0,0
0,0,0,1,0,1,0,0
0,0,0,0,0,0,0,0
0,0,0,0,0,0,0,0
1,0,0,0,0,0,0,0
0,0,0,0,0,0,0,0
0,0,0,0,0,0,0,0
0,0,0,0,0,0,0,0
0,0,0,0,0,0,0,0
0,0,0,0,0,0,0,0
0,0,0,0,1,0,0,0
