SpectrumName : C09.SPC
XUnit        : 
YUnit        : 
Length       : 1024
SubSpcNum    : 1
StartSubSpc  : 0
StopSubSpc   : 0
Comment      : 
Realtime     : 58.880
Livetime     : 58.700
Deadtime     : 0.180
FastChannel  : 29616
Starttime    : 31.12.1999 16:36:02
Stoptime     : 31.12.1999 16:37:01
CalibCoeff   : a=0.000000000E+000 b=0.000000000E+000 c=0.000000000E+000 d=0.000000000E+000
SpectrumText : 0 
0,1,0,0,0,0,0,0
1,9,20,35,48,43,42,41
42,56,60,61,51,51,60,55
61,56,66,74,53,56,54,48
64,63,55,64,57,56,58,57
66,70,62,67,85,58,56,75
71,66,70,83,78,66,71,63
78,69,88,83,90,93,81,68
87,86,71,91,77,76,92,92
82,90,83,75,95,93,90,96
98,94,68,102,89,82,97,92
76,117,74,100,91,103,98,75
92,87,94,86,77,76,74,86
78,88,86,87,83,89,96,72
101,78,78,83,80,61,80,89
84,68,91,85,75,81,80,73
82,66,71,74,53,71,88,71
82,93,62,62,71,71,75,77
61,73,73,80,84,75,66,72
79,74,68,75,72,58,67,71
71,81,71,81,50,79,69,83
66,69,82,81,76,63,77,70
76,83,78,82,90,73,61,88
78,57,73,65,76,70,75,76
67,63,69,59,57,66,63,39
54,48,66,67,49,55,52,45
41,53,23,27,36,47,34,32
22,26,31,37,29,28,20,29
24,25,23,25,24,29,25,16
29,23,23,33,31,31,26,29
28,34,22,23,20,24,35,32
25,29,34,26,24,28,26,28
28,21,30,31,37,36,55,42
59,79,78,91,91,117,156,153
165,193,244,301,306,349,368,457
421,454,517,512,536,554,570,581
541,520,550,493,490,418,423,365
313,305,233,234,174,146,115,98
57,62,54,34,40,27,13,15
6,8,4,4,1,5,4,1
2,2,1,0,2,0,1,0
0,1,0,1,0,0,0,0
0,0,1,1,0,1,0,1
1,0,0,2,1,0,1,1
0,1,2,0,2,2,0,0
1,0,0,0,0,0,0,0
0,0,0,1,0,0,1,1
1,0,0,2,0,0,0,0
0,1,2,0,0,0,0,0
1,1,0,1,0,1,3,2
1,0,1,0,1,0,1,0
0,1,2,1,1,0,2,0
0,0,0,1,0,1,0,0
1,0,1,1,0,2,0,3
2,0,0,1,0,1,0,1
0,1,1,1,0,0,0,0
2,1,0,0,1,1,0,0
0,1,0,0,0,0,1,0
0,0,1,0,0,0,0,0
1,1,0,0,0,1,0,1
1,0,0,0,1,0,0,0
0,0,0,1,0,0,0,0
0,0,0,0,0,0,0,0
0,0,1,0,0,0,0,0
0,0,0,0,0,1,0,0
0,1,1,1,0,1,0,0
1,1,0,1,0,1,0,0
0,1,0,3,1,0,1,1
0,0,0,0,0,0,1,2
1,0,0,0,0,0,0,0
0,0,0,0,0,0,0,0
0,0,3,0,0,0,0,0
1,0,0,0,0,1,0,0
0,1,1,0,0,0,0,0
1,0,0,0,1,0,1,0
0,0,0,0,0,1,0,0
0,1,1,0,2,0,1,1
0,0,0,0,0,0,1,1
0,0,0,0,0,0,0,0
0,0,0,0,0,0,0,0
0,0,0,0,0,0,0,0
0,0,0,0,0,0,0,0
2,0,0,0,0,0,0,0
0,0,1,0,0,0,0,0
0,0,0,0,0,0,0,0
0,0,0,0,0,0,0,0
0,0,0,0,0,0,0,0
0,0,0,0,0,0,0,0
0,0,0,0,0,0,0,0
0,0,1,0,0,0,0,0
0,0,0,0,0,1,0,0
0,0,0,0,0,0,1,0
0,0,0,1,0,0,0,0
0,0,0,0,0,0,0,0
0,0,0,0,0,0,1,0
1,0,0,0,0,0,0,0
0,0,0,0,0,0,0,0
0,0,0,0,0,0,0,0
0,0,0,0,0,0,0,0
0,0,1,0,0,0,0,0
0,0,0,0,0,0,0,0
0,0,1,0,0,0,0,0
0,0,1,0,1,0,1,0
0,0,0,0,0,0,0,0
0,0,0,0,0,0,0,0
0,0,0,0,0,0,0,0
0,0,0,0,0,0,0,0
0,0,0,0,0,0,0,0
0,0,1,0,0,0,1,0
0,1,0,0,0,0,0,0
0,1,0,0,0,0,0,1
0,0,0,0,0,0,0,0
0,0,0,0,0,0,0,0
0,1,0,0,0,0,0,0
0,0,0,0,0,0,0,0
0,0,0,0,0,0,0,0
0,0,0,0,0,0,0,0
0,0,0,0,0,0,0,0
0,0,0,0,0,0,0,0
0,0,0,0,0,0,0,0
0,0,0,0,0,0,0,0
0,0,0,0,0,0,0,0
0,0,0,0,0,0,0,0
0,0,0,0,0,0,0,0
0,0,0,0,0,0,0,0
0,0,0,0,0,0,0,0
0,0,0,0,0,0,0,0
0,0,0,0,0,0,0,0
