SpectrumName : C11.SPC
XUnit        : 
YUnit        : 
Length       : 1024
SubSpcNum    : 1
StartSubSpc  : 0
StopSubSpc   : 0
Comment      : 
Realtime     : 34.540
Livetime     : 34.370
Deadtime     : 0.170
FastChannel  : 3464
Starttime    : 31.12.1999 14:53:28
Stoptime     : 31.12.1999 14:54:02
CalibCoeff   : a=0.000000000E+000 b=0.000000000E+000 c=0.000000000E+000 d=0.000000000E+000
SpectrumText : 0 
0,0,0,0,0,0,0,0
0,1,1,3,4,3,5,5
6,7,5,6,4,10,7,9
3,4,6,5,11,6,10,10
6,5,9,3,13,9,3,13
9,10,7,6,8,23,8,12
4,12,12,15,15,12,10,14
6,17,16,7,16,10,16,13
10,9,8,11,16,13,12,8
12,18,12,14,12,12,9,13
18,11,16,12,9,13,11,8
9,9,12,11,11,8,14,7
11,9,9,10,7,8,13,15
11,16,9,8,11,10,12,11
13,4,7,12,13,13,11,10
10,12,12,11,9,10,12,9
8,11,9,10,6,5,9,10
7,10,8,4,7,8,11,11
12,7,5,15,6,7,8,11
5,10,11,7,3,13,7,9
14,9,5,6,12,10,7,10
6,8,6,8,8,8,5,7
6,10,10,6,3,9,4,11
6,13,7,8,15,6,12,11
7,9,6,9,3,3,10,6
10,6,7,3,5,2,8,3
2,6,8,6,8,4,5,4
5,6,3,1,4,4,3,2
2,2,4,5,2,5,7,1
2,6,1,3,4,2,3,9
7,4,3,3,4,3,3,2
6,4,4,1,4,2,2,2
2,2,6,2,3,3,5,7
7,5,7,5,15,19,19,12
11,26,22,33,42,30,24,57
41,54,39,51,46,62,60,51
59,55,44,40,55,47,30,35
36,33,18,18,21,17,9,9
7,4,6,3,3,3,1,4
2,2,0,0,1,1,0,0
1,1,0,0,0,1,0,0
0,0,0,0,1,0,0,0
0,0,0,0,0,0,0,0
0,2,1,1,0,2,0,0
0,1,0,0,1,1,0,0
1,0,1,0,0,1,0,1
1,0,0,0,0,0,1,0
0,0,0,1,0,0,0,1
1,0,0,0,0,0,0,0
0,1,0,0,0,0,0,0
0,0,0,0,0,1,0,1
0,0,0,1,0,0,0,0
0,0,0,0,0,0,0,0
0,0,0,1,0,1,1,0
1,0,0,0,0,0,0,0
1,0,0,1,0,0,0,0
0,0,0,0,0,0,1,0
1,0,0,0,0,0,0,0
0,0,0,2,0,0,0,0
0,0,0,0,0,0,0,0
0,1,0,1,1,0,0,0
0,0,0,0,0,0,0,0
0,1,0,0,0,1,0,0
0,1,0,0,0,0,1,0
1,0,0,0,0,0,0,0
2,0,0,0,0,0,0,0
0,0,0,1,1,0,0,0
0,0,0,0,0,0,0,0
0,0,0,0,0,0,0,0
0,0,0,0,0,0,0,0
0,0,0,0,0,0,1,0
0,0,0,1,0,0,0,0
0,0,0,0,0,0,0,0
0,0,0,1,0,0,0,0
0,0,0,0,0,0,0,2
0,0,0,0,1,0,0,1
0,0,0,0,0,0,1,1
0,0,0,1,1,0,0,0
0,0,0,0,0,0,0,0
0,0,0,1,0,0,0,0
0,0,0,0,0,0,0,0
0,0,0,0,0,0,1,0
0,0,0,0,0,0,0,0
0,0,0,0,0,0,0,0
0,0,0,0,0,0,0,0
0,0,0,0,0,0,0,0
0,0,0,0,0,0,0,0
0,0,0,0,0,0,0,0
0,0,0,1,0,0,0,0
0,0,0,0,0,0,0,0
0,0,0,0,0,0,0,0
0,0,0,0,0,0,0,0
0,0,0,0,0,0,1,0
0,0,0,0,0,0,0,1
0,0,0,0,0,0,0,0
0,0,0,0,0,0,0,0
0,0,0,0,0,0,0,0
0,0,0,0,0,0,0,0
0,0,0,0,0,0,0,0
0,0,0,0,0,0,0,0
0,0,0,0,0,0,0,0
0,0,0,0,0,1,0,0
0,0,0,0,0,0,0,0
0,0,0,0,0,0,0,0
0,0,0,0,0,0,0,0
0,0,0,0,0,0,0,0
0,0,0,0,0,0,0,0
0,0,0,0,0,0,0,0
0,0,0,0,0,0,0,0
0,0,0,0,0,0,0,0
0,0,0,0,0,0,0,0
0,0,0,0,0,0,0,1
0,0,0,0,0,0,0,0
0,0,0,0,0,0,0,0
0,0,0,0,0,0,0,0
0,0,0,0,0,0,0,0
0,0,0,0,0,0,0,0
0,0,0,0,0,0,0,0
0,0,0,0,0,0,0,0
0,0,0,0,0,0,0,0
0,0,0,0,0,0,1,0
0,0,0,0,0,0,0,0
0,0,0,0,0,0,0,0
0,0,1,0,0,0,0,0
0,0,0,0,0,0,0,0
0,0,0,0,0,0,0,0
0,0,0,0,0,0,0,0
0,0,0,0,0,0,0,0
