# Converted file from inputfile C11.CHN
# MCA number or Detector number: 1
# Segment number (set to 1 in UMCBI): 1
# ASCII seconds of start time: 14386
# Real Time (s): 34.5400
# Live Time (s) : 34.3600
# Start Date (DDMMMYY): 31DEC99
# Start time (HHMM): 1453
# Channel offset of data: 0
# Number of channels (length of data): 1024

# Data: 

0 	 0
1 	 0
2 	 0
3 	 0
4 	 0
5 	 0
6 	 0
7 	 0
8 	 0
9 	 1
10 	 1
11 	 3
12 	 4
13 	 3
14 	 5
15 	 5
16 	 6
17 	 7
18 	 5
19 	 6
20 	 4
21 	 10
22 	 7
23 	 9
24 	 3
25 	 4
26 	 6
27 	 5
28 	 11
29 	 6
30 	 10
31 	 10
32 	 6
33 	 5
34 	 9
35 	 3
36 	 13
37 	 9
38 	 3
39 	 13
40 	 9
41 	 10
42 	 7
43 	 6
44 	 8
45 	 23
46 	 8
47 	 12
48 	 4
49 	 12
50 	 12
51 	 15
52 	 15
53 	 12
54 	 10
55 	 14
56 	 6
57 	 17
58 	 16
59 	 7
60 	 16
61 	 10
62 	 16
63 	 13
64 	 10
65 	 9
66 	 8
67 	 11
68 	 16
69 	 13
70 	 12
71 	 8
72 	 12
73 	 18
74 	 12
75 	 14
76 	 12
77 	 12
78 	 9
79 	 13
80 	 18
81 	 11
82 	 16
83 	 12
84 	 9
85 	 13
86 	 11
87 	 8
88 	 9
89 	 9
90 	 12
91 	 11
92 	 11
93 	 8
94 	 14
95 	 7
96 	 11
97 	 9
98 	 9
99 	 10
100 	 7
101 	 8
102 	 13
103 	 15
104 	 11
105 	 16
106 	 9
107 	 8
108 	 11
109 	 10
110 	 12
111 	 11
112 	 13
113 	 4
114 	 7
115 	 12
116 	 13
117 	 13
118 	 11
119 	 10
120 	 10
121 	 12
122 	 12
123 	 11
124 	 9
125 	 10
126 	 12
127 	 9
128 	 8
129 	 11
130 	 9
131 	 10
132 	 6
133 	 5
134 	 9
135 	 10
136 	 7
137 	 10
138 	 8
139 	 4
140 	 7
141 	 8
142 	 11
143 	 11
144 	 12
145 	 7
146 	 5
147 	 15
148 	 6
149 	 7
150 	 8
151 	 11
152 	 5
153 	 10
154 	 11
155 	 7
156 	 3
157 	 13
158 	 7
159 	 9
160 	 14
161 	 9
162 	 5
163 	 6
164 	 12
165 	 10
166 	 7
167 	 10
168 	 6
169 	 8
170 	 6
171 	 8
172 	 8
173 	 8
174 	 5
175 	 7
176 	 6
177 	 10
178 	 10
179 	 6
180 	 3
181 	 9
182 	 4
183 	 11
184 	 6
185 	 13
186 	 7
187 	 8
188 	 15
189 	 6
190 	 12
191 	 11
192 	 7
193 	 9
194 	 6
195 	 9
196 	 3
197 	 3
198 	 10
199 	 6
200 	 10
201 	 6
202 	 7
203 	 3
204 	 5
205 	 2
206 	 8
207 	 3
208 	 2
209 	 6
210 	 8
211 	 6
212 	 8
213 	 4
214 	 5
215 	 4
216 	 5
217 	 6
218 	 3
219 	 1
220 	 4
221 	 4
222 	 3
223 	 2
224 	 2
225 	 2
226 	 4
227 	 5
228 	 2
229 	 5
230 	 7
231 	 1
232 	 2
233 	 6
234 	 1
235 	 3
236 	 4
237 	 2
238 	 3
239 	 9
240 	 7
241 	 4
242 	 3
243 	 3
244 	 4
245 	 3
246 	 3
247 	 2
248 	 6
249 	 4
250 	 4
251 	 1
252 	 4
253 	 2
254 	 2
255 	 2
256 	 2
257 	 2
258 	 6
259 	 2
260 	 3
261 	 3
262 	 5
263 	 7
264 	 7
265 	 5
266 	 7
267 	 5
268 	 15
269 	 19
270 	 19
271 	 12
272 	 11
273 	 26
274 	 22
275 	 33
276 	 42
277 	 30
278 	 24
279 	 57
280 	 41
281 	 54
282 	 39
283 	 51
284 	 46
285 	 62
286 	 60
287 	 51
288 	 59
289 	 55
290 	 44
291 	 40
292 	 55
293 	 47
294 	 30
295 	 35
296 	 36
297 	 33
298 	 18
299 	 18
300 	 21
301 	 17
302 	 9
303 	 9
304 	 7
305 	 4
306 	 6
307 	 3
308 	 3
309 	 3
310 	 1
311 	 4
312 	 2
313 	 2
314 	 0
315 	 0
316 	 1
317 	 1
318 	 0
319 	 0
320 	 1
321 	 1
322 	 0
323 	 0
324 	 0
325 	 1
326 	 0
327 	 0
328 	 0
329 	 0
330 	 0
331 	 0
332 	 1
333 	 0
334 	 0
335 	 0
336 	 0
337 	 0
338 	 0
339 	 0
340 	 0
341 	 0
342 	 0
343 	 0
344 	 0
345 	 2
346 	 1
347 	 1
348 	 0
349 	 2
350 	 0
351 	 0
352 	 0
353 	 1
354 	 0
355 	 0
356 	 1
357 	 1
358 	 0
359 	 0
360 	 1
361 	 0
362 	 1
363 	 0
364 	 0
365 	 1
366 	 0
367 	 1
368 	 1
369 	 0
370 	 0
371 	 0
372 	 0
373 	 0
374 	 1
375 	 0
376 	 0
377 	 0
378 	 0
379 	 1
380 	 0
381 	 0
382 	 0
383 	 1
384 	 1
385 	 0
386 	 0
387 	 0
388 	 0
389 	 0
390 	 0
391 	 0
392 	 0
393 	 1
394 	 0
395 	 0
396 	 0
397 	 0
398 	 0
399 	 0
400 	 0
401 	 0
402 	 0
403 	 0
404 	 0
405 	 1
406 	 0
407 	 1
408 	 0
409 	 0
410 	 0
411 	 1
412 	 0
413 	 0
414 	 0
415 	 0
416 	 0
417 	 0
418 	 0
419 	 0
420 	 0
421 	 0
422 	 0
423 	 0
424 	 0
425 	 0
426 	 0
427 	 1
428 	 0
429 	 1
430 	 1
431 	 0
432 	 1
433 	 0
434 	 0
435 	 0
436 	 0
437 	 0
438 	 0
439 	 0
440 	 1
441 	 0
442 	 0
443 	 1
444 	 0
445 	 0
446 	 0
447 	 0
448 	 0
449 	 0
450 	 0
451 	 0
452 	 0
453 	 0
454 	 1
455 	 0
456 	 1
457 	 0
458 	 0
459 	 0
460 	 0
461 	 0
462 	 0
463 	 0
464 	 0
465 	 0
466 	 0
467 	 2
468 	 0
469 	 0
470 	 0
471 	 0
472 	 0
473 	 0
474 	 0
475 	 0
476 	 0
477 	 0
478 	 0
479 	 0
480 	 0
481 	 1
482 	 0
483 	 1
484 	 1
485 	 0
486 	 0
487 	 0
488 	 0
489 	 0
490 	 0
491 	 0
492 	 0
493 	 0
494 	 0
495 	 0
496 	 0
497 	 1
498 	 0
499 	 0
500 	 0
501 	 1
502 	 0
503 	 0
504 	 0
505 	 1
506 	 0
507 	 0
508 	 0
509 	 0
510 	 1
511 	 0
512 	 1
513 	 0
514 	 0
515 	 0
516 	 0
517 	 0
518 	 0
519 	 0
520 	 2
521 	 0
522 	 0
523 	 0
524 	 0
525 	 0
526 	 0
527 	 0
528 	 0
529 	 0
530 	 0
531 	 1
532 	 1
533 	 0
534 	 0
535 	 0
536 	 0
537 	 0
538 	 0
539 	 0
540 	 0
541 	 0
542 	 0
543 	 0
544 	 0
545 	 0
546 	 0
547 	 0
548 	 0
549 	 0
550 	 0
551 	 0
552 	 0
553 	 0
554 	 0
555 	 0
556 	 0
557 	 0
558 	 0
559 	 0
560 	 0
561 	 0
562 	 0
563 	 0
564 	 0
565 	 0
566 	 1
567 	 0
568 	 0
569 	 0
570 	 0
571 	 1
572 	 0
573 	 0
574 	 0
575 	 0
576 	 0
577 	 0
578 	 0
579 	 0
580 	 0
581 	 0
582 	 0
583 	 0
584 	 0
585 	 0
586 	 0
587 	 1
588 	 0
589 	 0
590 	 0
591 	 0
592 	 0
593 	 0
594 	 0
595 	 0
596 	 0
597 	 0
598 	 0
599 	 2
600 	 0
601 	 0
602 	 0
603 	 0
604 	 1
605 	 0
606 	 0
607 	 1
608 	 0
609 	 0
610 	 0
611 	 0
612 	 0
613 	 0
614 	 1
615 	 1
616 	 0
617 	 0
618 	 0
619 	 1
620 	 1
621 	 0
622 	 0
623 	 0
624 	 0
625 	 0
626 	 0
627 	 0
628 	 0
629 	 0
630 	 0
631 	 0
632 	 0
633 	 0
634 	 0
635 	 1
636 	 0
637 	 0
638 	 0
639 	 0
640 	 0
641 	 0
642 	 0
643 	 0
644 	 0
645 	 0
646 	 0
647 	 0
648 	 0
649 	 0
650 	 0
651 	 0
652 	 0
653 	 0
654 	 1
655 	 0
656 	 0
657 	 0
658 	 0
659 	 0
660 	 0
661 	 0
662 	 0
663 	 0
664 	 0
665 	 0
666 	 0
667 	 0
668 	 0
669 	 0
670 	 0
671 	 0
672 	 0
673 	 0
674 	 0
675 	 0
676 	 0
677 	 0
678 	 0
679 	 0
680 	 0
681 	 0
682 	 0
683 	 0
684 	 0
685 	 0
686 	 0
687 	 0
688 	 0
689 	 0
690 	 0
691 	 0
692 	 0
693 	 0
694 	 0
695 	 0
696 	 0
697 	 0
698 	 0
699 	 0
700 	 0
701 	 0
702 	 0
703 	 0
704 	 0
705 	 0
706 	 0
707 	 1
708 	 0
709 	 0
710 	 0
711 	 0
712 	 0
713 	 0
714 	 0
715 	 0
716 	 0
717 	 0
718 	 0
719 	 0
720 	 0
721 	 0
722 	 0
723 	 0
724 	 0
725 	 0
726 	 0
727 	 0
728 	 0
729 	 0
730 	 0
731 	 0
732 	 0
733 	 0
734 	 0
735 	 0
736 	 0
737 	 0
738 	 0
739 	 0
740 	 0
741 	 0
742 	 1
743 	 0
744 	 0
745 	 0
746 	 0
747 	 0
748 	 0
749 	 0
750 	 0
751 	 1
752 	 0
753 	 0
754 	 0
755 	 0
756 	 0
757 	 0
758 	 0
759 	 0
760 	 0
761 	 0
762 	 0
763 	 0
764 	 0
765 	 0
766 	 0
767 	 0
768 	 0
769 	 0
770 	 0
771 	 0
772 	 0
773 	 0
774 	 0
775 	 0
776 	 0
777 	 0
778 	 0
779 	 0
780 	 0
781 	 0
782 	 0
783 	 0
784 	 0
785 	 0
786 	 0
787 	 0
788 	 0
789 	 0
790 	 0
791 	 0
792 	 0
793 	 0
794 	 0
795 	 0
796 	 0
797 	 0
798 	 0
799 	 0
800 	 0
801 	 0
802 	 0
803 	 0
804 	 0
805 	 0
806 	 0
807 	 0
808 	 0
809 	 0
810 	 0
811 	 0
812 	 0
813 	 1
814 	 0
815 	 0
816 	 0
817 	 0
818 	 0
819 	 0
820 	 0
821 	 0
822 	 0
823 	 0
824 	 0
825 	 0
826 	 0
827 	 0
828 	 0
829 	 0
830 	 0
831 	 0
832 	 0
833 	 0
834 	 0
835 	 0
836 	 0
837 	 0
838 	 0
839 	 0
840 	 0
841 	 0
842 	 0
843 	 0
844 	 0
845 	 0
846 	 0
847 	 0
848 	 0
849 	 0
850 	 0
851 	 0
852 	 0
853 	 0
854 	 0
855 	 0
856 	 0
857 	 0
858 	 0
859 	 0
860 	 0
861 	 0
862 	 0
863 	 0
864 	 0
865 	 0
866 	 0
867 	 0
868 	 0
869 	 0
870 	 0
871 	 0
872 	 0
873 	 0
874 	 0
875 	 0
876 	 0
877 	 0
878 	 0
879 	 0
880 	 0
881 	 0
882 	 0
883 	 0
884 	 0
885 	 0
886 	 0
887 	 0
888 	 0
889 	 0
890 	 0
891 	 0
892 	 0
893 	 0
894 	 0
895 	 1
896 	 0
897 	 0
898 	 0
899 	 0
900 	 0
901 	 0
902 	 0
903 	 0
904 	 0
905 	 0
906 	 0
907 	 0
908 	 0
909 	 0
910 	 0
911 	 0
912 	 0
913 	 0
914 	 0
915 	 0
916 	 0
917 	 0
918 	 0
919 	 0
920 	 0
921 	 0
922 	 0
923 	 0
924 	 0
925 	 0
926 	 0
927 	 0
928 	 0
929 	 0
930 	 0
931 	 0
932 	 0
933 	 0
934 	 0
935 	 0
936 	 0
937 	 0
938 	 0
939 	 0
940 	 0
941 	 0
942 	 0
943 	 0
944 	 0
945 	 0
946 	 0
947 	 0
948 	 0
949 	 0
950 	 0
951 	 0
952 	 0
953 	 0
954 	 0
955 	 0
956 	 0
957 	 0
958 	 0
959 	 0
960 	 0
961 	 0
962 	 0
963 	 0
964 	 0
965 	 0
966 	 1
967 	 0
968 	 0
969 	 0
970 	 0
971 	 0
972 	 0
973 	 0
974 	 0
975 	 0
976 	 0
977 	 0
978 	 0
979 	 0
980 	 0
981 	 0
982 	 0
983 	 0
984 	 0
985 	 0
986 	 1
987 	 0
988 	 0
989 	 0
990 	 0
991 	 0
992 	 0
993 	 0
994 	 0
995 	 0
996 	 0
997 	 0
998 	 0
999 	 0
1000 	 0
1001 	 0
1002 	 0
1003 	 0
1004 	 0
1005 	 0
1006 	 0
1007 	 0
1008 	 0
1009 	 0
1010 	 0
1011 	 0
1012 	 0
1013 	 0
1014 	 0
1015 	 0
1016 	 0
1017 	 0
1018 	 0
1019 	 0
1020 	 0
1021 	 0
1022 	 0
1023 	 0


# Energy calibration zero intercept, 0.0 for uncalibrated spectrum: 0.00000
# Energy calibration slope, 1.0 for uncalibrated spectrum: 0.00000
# Energy calibration quadratic term, 0.0 for uncalibrated spectrum: 0.00000
# Peak shape calibration zero intercept, 1.0 for uncalibrated spectrum: 1.00000
# Peak shape calibration slope, 0.0 for uncalibrated spectrum: 0.00000
# Peak shape calibration quadratic term, 0.0 for uncalibrated spectrum: 0.00000
# Detector description: 
# Sample description: 
