SpectrumName : C110.SPC
XUnit        : 
YUnit        : 
Length       : 1024
SubSpcNum    : 1
StartSubSpc  : 0
StopSubSpc   : 0
Comment      : 
Realtime     : 42.370
Livetime     : 42.310
Deadtime     : 0.060
FastChannel  : 5336
Starttime    : 31.12.1999 15:15:25
Stoptime     : 31.12.1999 15:16:07
CalibCoeff   : a=0.000000000E+000 b=0.000000000E+000 c=0.000000000E+000 d=0.000000000E+000
SpectrumText : 0 
0,0,0,0,0,0,0,0
0,1,4,9,6,9,12,7
16,10,9,6,10,10,11,14
4,10,5,8,9,6,11,7
10,7,8,15,10,14,16,15
12,11,15,15,11,13,21,11
11,15,18,15,12,16,13,20
18,17,19,19,16,20,21,19
10,22,24,17,14,20,19,24
21,20,23,13,18,25,19,21
13,11,15,17,19,12,19,16
13,15,22,16,18,18,22,12
15,20,11,19,16,18,18,14
14,12,13,17,19,10,17,16
22,18,13,19,11,14,9,14
14,7,18,10,10,20,13,14
19,17,15,7,18,11,14,16
18,18,12,16,17,17,20,14
9,11,15,20,7,15,10,13
16,26,11,12,16,13,17,12
15,19,12,9,22,7,9,13
18,12,11,16,6,14,14,13
4,11,6,15,14,14,17,12
15,17,15,8,13,12,21,7
10,11,9,11,12,13,11,17
9,14,7,9,10,9,11,4
12,7,9,4,7,6,2,6
4,10,6,6,4,3,3,6
6,4,10,4,4,8,6,4
2,6,5,11,3,4,5,4
2,3,6,7,3,7,5,2
6,11,2,5,12,8,5,6
8,4,10,7,6,13,8,11
11,16,17,26,10,30,29,34
41,43,44,42,49,52,67,83
62,75,97,93,90,88,95,79
92,94,83,75,76,57,56,34
45,31,33,25,30,14,15,18
7,11,4,8,5,3,2,2
0,3,1,2,0,1,0,1
0,1,2,0,1,0,1,0
1,0,1,0,0,1,0,0
0,0,1,0,0,0,0,2
0,0,0,1,0,0,0,0
0,1,0,0,0,0,1,0
1,0,0,0,0,0,0,1
1,0,0,0,0,1,0,0
0,0,1,0,0,0,0,0
0,0,0,0,1,0,0,0
0,0,0,1,0,0,1,0
0,1,0,0,1,0,1,0
0,0,0,1,0,0,0,0
0,0,1,0,0,0,0,0
1,0,0,0,0,0,1,0
0,0,0,1,1,0,0,1
1,0,0,0,0,1,0,0
0,0,0,1,1,0,0,1
2,1,0,0,0,0,1,0
1,0,0,2,0,0,0,0
0,0,0,0,0,1,0,0
0,0,1,0,0,0,0,0
0,0,1,2,0,1,0,1
0,0,0,0,0,1,0,0
1,0,0,0,0,0,0,0
0,0,0,0,0,1,0,0
0,0,0,0,0,0,0,0
0,0,0,0,0,0,0,0
0,0,0,1,0,0,0,0
2,0,0,0,0,0,0,0
1,0,0,0,0,0,0,0
0,0,0,0,0,0,0,0
0,1,0,0,0,0,1,0
0,0,0,0,0,0,0,0
0,0,0,0,0,0,0,0
0,0,1,0,0,0,0,0
0,0,0,0,0,0,0,1
0,0,0,1,0,0,0,0
0,0,0,1,0,1,0,0
0,0,0,0,1,0,0,1
0,0,1,0,0,0,0,0
0,0,0,0,0,1,0,0
0,0,0,0,1,0,1,0
0,0,0,0,0,0,0,0
0,0,0,0,0,0,0,0
0,0,0,0,0,0,0,0
0,0,0,0,0,0,0,0
0,0,0,0,0,0,0,0
0,0,0,0,0,0,0,0
0,0,0,0,0,0,0,0
0,0,0,0,0,0,0,0
0,0,0,1,0,0,0,0
0,0,1,0,0,0,0,0
0,0,0,0,0,0,0,0
0,0,0,0,0,0,0,0
0,0,0,0,0,0,0,0
0,0,0,0,0,0,0,1
0,0,0,0,0,0,0,0
0,0,0,0,0,0,0,0
0,0,0,0,0,0,0,0
0,0,0,0,0,0,0,0
0,0,0,0,0,0,0,0
0,0,0,0,0,0,0,0
0,0,0,0,0,0,0,0
0,0,0,0,0,0,0,0
0,0,0,0,0,0,0,0
0,0,0,0,0,0,0,0
0,0,0,0,0,0,0,0
0,0,0,0,0,0,0,0
0,0,0,0,0,0,0,0
0,0,1,0,0,0,0,0
0,0,0,0,0,0,0,0
0,0,0,0,0,0,0,0
0,0,0,0,0,0,0,0
0,0,0,0,0,0,0,0
0,0,0,0,0,0,0,0
0,0,0,0,0,0,0,0
0,1,0,0,0,0,0,0
0,0,0,0,0,0,0,0
0,0,0,0,0,0,0,0
0,0,0,0,0,0,0,0
0,0,0,0,0,0,0,0
0,0,0,0,0,0,0,0
0,0,0,0,0,0,0,0
0,0,0,0,0,0,0,0
0,0,0,0,0,0,0,0
0,0,0,0,0,0,0,0
0,0,0,0,0,0,0,0
0,0,0,0,0,0,0,0
