# Converted file from inputfile C110.CHN
# MCA number or Detector number: 1
# Segment number (set to 1 in UMCBI): 1
# ASCII seconds of start time: 13618
# Real Time (s): 42.3600
# Live Time (s) : 42.3200
# Start Date (DDMMMYY): 31DEC99
# Start time (HHMM): 1515
# Channel offset of data: 0
# Number of channels (length of data): 1024

# Data: 

0 	 0
1 	 0
2 	 0
3 	 0
4 	 0
5 	 0
6 	 0
7 	 0
8 	 0
9 	 1
10 	 4
11 	 9
12 	 6
13 	 9
14 	 12
15 	 7
16 	 16
17 	 10
18 	 9
19 	 6
20 	 10
21 	 10
22 	 11
23 	 14
24 	 4
25 	 10
26 	 5
27 	 8
28 	 9
29 	 6
30 	 11
31 	 7
32 	 10
33 	 7
34 	 8
35 	 15
36 	 10
37 	 14
38 	 16
39 	 15
40 	 12
41 	 11
42 	 15
43 	 15
44 	 11
45 	 13
46 	 21
47 	 11
48 	 11
49 	 15
50 	 18
51 	 15
52 	 12
53 	 16
54 	 13
55 	 20
56 	 18
57 	 17
58 	 19
59 	 19
60 	 16
61 	 20
62 	 21
63 	 19
64 	 10
65 	 22
66 	 24
67 	 17
68 	 14
69 	 20
70 	 19
71 	 24
72 	 21
73 	 20
74 	 23
75 	 13
76 	 18
77 	 25
78 	 19
79 	 21
80 	 13
81 	 11
82 	 15
83 	 17
84 	 19
85 	 12
86 	 19
87 	 16
88 	 13
89 	 15
90 	 22
91 	 16
92 	 18
93 	 18
94 	 22
95 	 12
96 	 15
97 	 20
98 	 11
99 	 19
100 	 16
101 	 18
102 	 18
103 	 14
104 	 14
105 	 12
106 	 13
107 	 17
108 	 19
109 	 10
110 	 17
111 	 16
112 	 22
113 	 18
114 	 13
115 	 19
116 	 11
117 	 14
118 	 9
119 	 14
120 	 14
121 	 7
122 	 18
123 	 10
124 	 10
125 	 20
126 	 13
127 	 14
128 	 19
129 	 17
130 	 15
131 	 7
132 	 18
133 	 11
134 	 14
135 	 16
136 	 18
137 	 18
138 	 12
139 	 16
140 	 17
141 	 17
142 	 20
143 	 14
144 	 9
145 	 11
146 	 15
147 	 20
148 	 7
149 	 15
150 	 10
151 	 13
152 	 16
153 	 26
154 	 11
155 	 12
156 	 16
157 	 13
158 	 17
159 	 12
160 	 15
161 	 19
162 	 12
163 	 9
164 	 22
165 	 7
166 	 9
167 	 13
168 	 18
169 	 12
170 	 11
171 	 16
172 	 6
173 	 14
174 	 14
175 	 13
176 	 4
177 	 11
178 	 6
179 	 15
180 	 14
181 	 14
182 	 17
183 	 12
184 	 15
185 	 17
186 	 15
187 	 8
188 	 13
189 	 12
190 	 21
191 	 7
192 	 10
193 	 11
194 	 9
195 	 11
196 	 12
197 	 13
198 	 11
199 	 17
200 	 9
201 	 14
202 	 7
203 	 9
204 	 10
205 	 9
206 	 11
207 	 4
208 	 12
209 	 7
210 	 9
211 	 4
212 	 7
213 	 6
214 	 2
215 	 6
216 	 4
217 	 10
218 	 6
219 	 6
220 	 4
221 	 3
222 	 3
223 	 6
224 	 6
225 	 4
226 	 10
227 	 4
228 	 4
229 	 8
230 	 6
231 	 4
232 	 2
233 	 6
234 	 5
235 	 11
236 	 3
237 	 4
238 	 5
239 	 4
240 	 2
241 	 3
242 	 6
243 	 7
244 	 3
245 	 7
246 	 5
247 	 2
248 	 6
249 	 11
250 	 2
251 	 5
252 	 12
253 	 8
254 	 5
255 	 6
256 	 8
257 	 4
258 	 10
259 	 7
260 	 6
261 	 13
262 	 8
263 	 11
264 	 11
265 	 16
266 	 17
267 	 26
268 	 10
269 	 30
270 	 29
271 	 34
272 	 41
273 	 43
274 	 44
275 	 42
276 	 49
277 	 52
278 	 67
279 	 83
280 	 62
281 	 75
282 	 97
283 	 93
284 	 90
285 	 88
286 	 95
287 	 79
288 	 92
289 	 94
290 	 83
291 	 75
292 	 76
293 	 57
294 	 56
295 	 34
296 	 45
297 	 31
298 	 33
299 	 25
300 	 30
301 	 14
302 	 15
303 	 18
304 	 7
305 	 11
306 	 4
307 	 8
308 	 5
309 	 3
310 	 2
311 	 2
312 	 0
313 	 3
314 	 1
315 	 2
316 	 0
317 	 1
318 	 0
319 	 1
320 	 0
321 	 1
322 	 2
323 	 0
324 	 1
325 	 0
326 	 1
327 	 0
328 	 1
329 	 0
330 	 1
331 	 0
332 	 0
333 	 1
334 	 0
335 	 0
336 	 0
337 	 0
338 	 1
339 	 0
340 	 0
341 	 0
342 	 0
343 	 2
344 	 0
345 	 0
346 	 0
347 	 1
348 	 0
349 	 0
350 	 0
351 	 0
352 	 0
353 	 1
354 	 0
355 	 0
356 	 0
357 	 0
358 	 1
359 	 0
360 	 1
361 	 0
362 	 0
363 	 0
364 	 0
365 	 0
366 	 0
367 	 1
368 	 1
369 	 0
370 	 0
371 	 0
372 	 0
373 	 1
374 	 0
375 	 0
376 	 0
377 	 0
378 	 1
379 	 0
380 	 0
381 	 0
382 	 0
383 	 0
384 	 0
385 	 0
386 	 0
387 	 0
388 	 1
389 	 0
390 	 0
391 	 0
392 	 0
393 	 0
394 	 0
395 	 1
396 	 0
397 	 0
398 	 1
399 	 0
400 	 0
401 	 1
402 	 0
403 	 0
404 	 1
405 	 0
406 	 1
407 	 0
408 	 0
409 	 0
410 	 0
411 	 1
412 	 0
413 	 0
414 	 0
415 	 0
416 	 0
417 	 0
418 	 1
419 	 0
420 	 0
421 	 0
422 	 0
423 	 0
424 	 1
425 	 0
426 	 0
427 	 0
428 	 0
429 	 0
430 	 1
431 	 0
432 	 0
433 	 0
434 	 0
435 	 1
436 	 1
437 	 0
438 	 0
439 	 1
440 	 1
441 	 0
442 	 0
443 	 0
444 	 0
445 	 1
446 	 0
447 	 0
448 	 0
449 	 0
450 	 0
451 	 1
452 	 1
453 	 0
454 	 0
455 	 1
456 	 2
457 	 1
458 	 0
459 	 0
460 	 0
461 	 0
462 	 1
463 	 0
464 	 1
465 	 0
466 	 0
467 	 2
468 	 0
469 	 0
470 	 0
471 	 0
472 	 0
473 	 0
474 	 0
475 	 0
476 	 0
477 	 1
478 	 0
479 	 0
480 	 0
481 	 0
482 	 1
483 	 0
484 	 0
485 	 0
486 	 0
487 	 0
488 	 0
489 	 0
490 	 1
491 	 2
492 	 0
493 	 1
494 	 0
495 	 1
496 	 0
497 	 0
498 	 0
499 	 0
500 	 0
501 	 1
502 	 0
503 	 0
504 	 1
505 	 0
506 	 0
507 	 0
508 	 0
509 	 0
510 	 0
511 	 0
512 	 0
513 	 0
514 	 0
515 	 0
516 	 0
517 	 1
518 	 0
519 	 0
520 	 0
521 	 0
522 	 0
523 	 0
524 	 0
525 	 0
526 	 0
527 	 0
528 	 0
529 	 0
530 	 0
531 	 0
532 	 0
533 	 0
534 	 0
535 	 0
536 	 0
537 	 0
538 	 0
539 	 1
540 	 0
541 	 0
542 	 0
543 	 0
544 	 2
545 	 0
546 	 0
547 	 0
548 	 0
549 	 0
550 	 0
551 	 0
552 	 1
553 	 0
554 	 0
555 	 0
556 	 0
557 	 0
558 	 0
559 	 0
560 	 0
561 	 0
562 	 0
563 	 0
564 	 0
565 	 0
566 	 0
567 	 0
568 	 0
569 	 1
570 	 0
571 	 0
572 	 0
573 	 0
574 	 1
575 	 0
576 	 0
577 	 0
578 	 0
579 	 0
580 	 0
581 	 0
582 	 0
583 	 0
584 	 0
585 	 0
586 	 0
587 	 0
588 	 0
589 	 0
590 	 0
591 	 0
592 	 0
593 	 0
594 	 1
595 	 0
596 	 0
597 	 0
598 	 0
599 	 0
600 	 0
601 	 0
602 	 0
603 	 0
604 	 0
605 	 0
606 	 0
607 	 1
608 	 0
609 	 0
610 	 0
611 	 1
612 	 0
613 	 0
614 	 0
615 	 0
616 	 0
617 	 0
618 	 0
619 	 1
620 	 0
621 	 1
622 	 0
623 	 0
624 	 0
625 	 0
626 	 0
627 	 0
628 	 1
629 	 0
630 	 0
631 	 1
632 	 0
633 	 0
634 	 1
635 	 0
636 	 0
637 	 0
638 	 0
639 	 0
640 	 0
641 	 0
642 	 0
643 	 0
644 	 0
645 	 1
646 	 0
647 	 0
648 	 0
649 	 0
650 	 0
651 	 0
652 	 1
653 	 0
654 	 1
655 	 0
656 	 0
657 	 0
658 	 0
659 	 0
660 	 0
661 	 0
662 	 0
663 	 0
664 	 0
665 	 0
666 	 0
667 	 0
668 	 0
669 	 0
670 	 0
671 	 0
672 	 0
673 	 0
674 	 0
675 	 0
676 	 0
677 	 0
678 	 0
679 	 0
680 	 0
681 	 0
682 	 0
683 	 0
684 	 0
685 	 0
686 	 0
687 	 0
688 	 0
689 	 0
690 	 0
691 	 0
692 	 0
693 	 0
694 	 0
695 	 0
696 	 0
697 	 0
698 	 0
699 	 0
700 	 0
701 	 0
702 	 0
703 	 0
704 	 0
705 	 0
706 	 0
707 	 0
708 	 0
709 	 0
710 	 0
711 	 0
712 	 0
713 	 0
714 	 0
715 	 0
716 	 0
717 	 0
718 	 0
719 	 0
720 	 0
721 	 0
722 	 0
723 	 1
724 	 0
725 	 0
726 	 0
727 	 0
728 	 0
729 	 0
730 	 1
731 	 0
732 	 0
733 	 0
734 	 0
735 	 0
736 	 0
737 	 0
738 	 0
739 	 0
740 	 0
741 	 0
742 	 0
743 	 0
744 	 0
745 	 0
746 	 0
747 	 0
748 	 0
749 	 0
750 	 0
751 	 0
752 	 0
753 	 0
754 	 0
755 	 0
756 	 0
757 	 0
758 	 0
759 	 0
760 	 0
761 	 0
762 	 0
763 	 0
764 	 0
765 	 0
766 	 0
767 	 1
768 	 0
769 	 0
770 	 0
771 	 0
772 	 0
773 	 0
774 	 0
775 	 0
776 	 0
777 	 0
778 	 0
779 	 0
780 	 0
781 	 0
782 	 0
783 	 0
784 	 0
785 	 0
786 	 0
787 	 0
788 	 0
789 	 0
790 	 0
791 	 0
792 	 0
793 	 0
794 	 0
795 	 0
796 	 0
797 	 0
798 	 0
799 	 0
800 	 0
801 	 0
802 	 0
803 	 0
804 	 0
805 	 0
806 	 0
807 	 0
808 	 0
809 	 0
810 	 0
811 	 0
812 	 0
813 	 0
814 	 0
815 	 0
816 	 0
817 	 0
818 	 0
819 	 0
820 	 0
821 	 0
822 	 0
823 	 0
824 	 0
825 	 0
826 	 0
827 	 0
828 	 0
829 	 0
830 	 0
831 	 0
832 	 0
833 	 0
834 	 0
835 	 0
836 	 0
837 	 0
838 	 0
839 	 0
840 	 0
841 	 0
842 	 0
843 	 0
844 	 0
845 	 0
846 	 0
847 	 0
848 	 0
849 	 0
850 	 0
851 	 0
852 	 0
853 	 0
854 	 0
855 	 0
856 	 0
857 	 0
858 	 0
859 	 0
860 	 0
861 	 0
862 	 0
863 	 0
864 	 0
865 	 0
866 	 0
867 	 0
868 	 0
869 	 0
870 	 0
871 	 0
872 	 0
873 	 0
874 	 1
875 	 0
876 	 0
877 	 0
878 	 0
879 	 0
880 	 0
881 	 0
882 	 0
883 	 0
884 	 0
885 	 0
886 	 0
887 	 0
888 	 0
889 	 0
890 	 0
891 	 0
892 	 0
893 	 0
894 	 0
895 	 0
896 	 0
897 	 0
898 	 0
899 	 0
900 	 0
901 	 0
902 	 0
903 	 0
904 	 0
905 	 0
906 	 0
907 	 0
908 	 0
909 	 0
910 	 0
911 	 0
912 	 0
913 	 0
914 	 0
915 	 0
916 	 0
917 	 0
918 	 0
919 	 0
920 	 0
921 	 0
922 	 0
923 	 0
924 	 0
925 	 0
926 	 0
927 	 0
928 	 0
929 	 1
930 	 0
931 	 0
932 	 0
933 	 0
934 	 0
935 	 0
936 	 0
937 	 0
938 	 0
939 	 0
940 	 0
941 	 0
942 	 0
943 	 0
944 	 0
945 	 0
946 	 0
947 	 0
948 	 0
949 	 0
950 	 0
951 	 0
952 	 0
953 	 0
954 	 0
955 	 0
956 	 0
957 	 0
958 	 0
959 	 0
960 	 0
961 	 0
962 	 0
963 	 0
964 	 0
965 	 0
966 	 0
967 	 0
968 	 0
969 	 0
970 	 0
971 	 0
972 	 0
973 	 0
974 	 0
975 	 0
976 	 0
977 	 0
978 	 0
979 	 0
980 	 0
981 	 0
982 	 0
983 	 0
984 	 0
985 	 0
986 	 0
987 	 0
988 	 0
989 	 0
990 	 0
991 	 0
992 	 0
993 	 0
994 	 0
995 	 0
996 	 0
997 	 0
998 	 0
999 	 0
1000 	 0
1001 	 0
1002 	 0
1003 	 0
1004 	 0
1005 	 0
1006 	 0
1007 	 0
1008 	 0
1009 	 0
1010 	 0
1011 	 0
1012 	 0
1013 	 0
1014 	 0
1015 	 0
1016 	 0
1017 	 0
1018 	 0
1019 	 0
1020 	 0
1021 	 0
1022 	 0
1023 	 0


# Energy calibration zero intercept, 0.0 for uncalibrated spectrum: 0.00000
# Energy calibration slope, 1.0 for uncalibrated spectrum: 0.00000
# Energy calibration quadratic term, 0.0 for uncalibrated spectrum: 0.00000
# Peak shape calibration zero intercept, 1.0 for uncalibrated spectrum: 1.00000
# Peak shape calibration slope, 0.0 for uncalibrated spectrum: 0.00000
# Peak shape calibration quadratic term, 0.0 for uncalibrated spectrum: 0.00000
# Detector description: 
# Sample description: 
