SpectrumName : C111.SPC
XUnit        : 
YUnit        : 
Length       : 1024
SubSpcNum    : 1
StartSubSpc  : 0
StopSubSpc   : 0
Comment      : 
Realtime     : 57.700
Livetime     : 57.550
Deadtime     : 0.150
FastChannel  : 4026
Starttime    : 31.12.1999 15:16:56
Stoptime     : 31.12.1999 15:17:53
CalibCoeff   : a=0.000000000E+000 b=0.000000000E+000 c=0.000000000E+000 d=0.000000000E+000
SpectrumText : 0 
0,0,0,0,0,0,0,0
0,0,0,4,6,9,8,7
8,5,5,7,7,9,11,10
5,10,10,10,6,7,6,14
10,11,11,8,13,19,12,14
6,8,12,9,11,9,9,18
22,15,22,18,14,8,14,19
19,18,15,17,12,19,18,15
19,18,14,14,13,15,13,10
15,14,21,22,16,16,25,16
10,21,16,25,10,12,15,13
18,8,12,14,15,15,15,11
8,12,12,12,10,15,14,11
14,15,19,19,13,12,4,7
12,13,10,17,10,11,7,13
13,11,14,10,9,18,9,11
6,18,15,9,14,7,13,10
15,9,12,9,14,9,14,13
10,11,4,10,15,12,6,7
10,13,4,7,16,11,9,7
13,5,12,14,10,9,19,5
11,10,15,12,14,6,9,6
5,6,12,8,4,14,5,5
12,13,11,4,5,11,13,6
11,6,4,11,6,7,7,10
10,5,10,9,6,5,3,7
5,1,7,3,5,4,6,8
8,3,4,4,4,2,6,2
3,3,4,4,5,4,5,8
5,1,3,2,1,6,3,7
4,4,7,3,2,4,4,1
5,2,5,3,1,4,3,5
4,4,3,5,4,6,3,10
5,11,7,16,10,18,24,16
31,27,31,37,23,42,45,49
42,57,57,52,59,58,53,51
48,48,53,47,47,38,30,43
31,19,18,16,14,10,12,11
7,3,4,4,4,5,2,1
3,0,0,1,1,3,0,0
0,1,2,1,1,0,1,1
0,1,0,2,0,1,1,0
2,0,0,0,1,0,0,0
0,0,0,0,1,1,0,1
0,0,0,0,1,1,0,1
0,0,0,0,1,1,1,1
1,1,0,1,0,1,0,0
2,1,1,1,0,1,0,0
0,0,1,1,1,0,0,0
2,1,0,0,0,0,1,2
0,0,0,0,0,0,0,0
0,0,0,0,1,0,0,1
0,3,1,1,0,1,1,3
0,2,1,0,1,1,1,0
0,2,1,0,0,1,1,0
0,0,0,1,2,0,1,0
0,0,0,0,0,0,0,0
0,0,2,1,1,0,0,0
0,0,1,0,1,0,0,1
0,0,0,0,0,0,0,0
0,1,1,1,0,1,1,0
0,0,0,0,0,0,0,0
1,0,0,0,0,1,0,0
2,1,0,0,0,0,0,0
0,0,0,0,0,1,0,0
0,0,0,0,1,0,1,0
0,0,0,4,0,0,0,0
0,0,0,0,0,0,0,0
0,0,0,0,0,0,1,0
0,1,0,0,0,0,0,0
0,0,0,0,0,0,0,0
0,0,0,0,0,0,0,0
1,0,0,0,1,1,0,0
0,0,1,0,0,0,1,0
1,1,1,0,0,0,0,1
0,1,1,0,1,1,0,0
0,0,0,2,1,1,2,0
0,0,0,1,0,0,2,3
1,1,0,0,0,0,0,0
1,0,0,0,0,0,2,0
0,0,0,0,0,0,0,0
0,0,0,0,0,1,0,0
0,0,0,0,0,1,0,0
0,0,0,0,0,0,0,0
0,0,0,0,0,0,0,0
1,0,0,0,0,0,0,0
0,0,0,0,0,0,0,0
0,0,0,0,1,0,0,0
0,0,0,0,0,0,0,0
0,0,0,0,0,0,0,0
0,1,0,0,0,0,0,0
0,0,0,0,0,0,0,0
0,0,0,0,0,0,0,0
0,0,0,0,0,0,0,0
0,0,1,0,0,0,0,0
0,0,0,0,0,0,0,0
0,0,0,0,0,0,0,0
0,0,0,0,0,0,0,0
0,0,0,1,0,0,0,0
0,0,0,0,0,0,0,0
0,0,0,0,0,1,0,0
0,0,0,0,0,0,0,0
0,0,0,0,0,0,0,0
0,0,0,0,0,0,0,0
0,0,0,0,0,0,0,0
0,0,0,0,0,0,0,0
0,0,0,0,0,0,0,1
0,0,0,0,0,0,0,0
0,0,0,0,0,0,0,0
0,0,0,0,0,0,0,0
0,0,0,0,0,0,0,0
0,0,0,0,0,0,0,0
0,0,0,0,0,0,0,0
0,0,0,0,0,0,0,0
0,0,0,0,0,0,0,0
1,0,0,0,0,0,0,0
0,0,0,0,0,0,0,0
0,0,0,0,0,0,0,0
0,0,0,0,0,0,0,0
0,0,0,0,0,0,0,0
0,0,0,0,0,0,0,0
0,0,0,0,0,0,0,0
0,1,0,0,0,0,0,0
0,0,0,0,0,0,0,1
0,0,0,0,0,0,1,0
0,0,0,0,0,0,0,0
0,1,0,0,0,0,0,0
0,0,0,0,0,0,0,0
