# Converted file from inputfile C112.CHN
# MCA number or Detector number: 1
# Segment number (set to 1 in UMCBI): 1
# ASCII seconds of start time: 14388
# Real Time (s): 27.4800
# Live Time (s) : 27.4200
# Start Date (DDMMMYY): 31DEC99
# Start time (HHMM): 1518
# Channel offset of data: 0
# Number of channels (length of data): 1024

# Data: 

0 	 0
1 	 0
2 	 0
3 	 0
4 	 0
5 	 0
6 	 0
7 	 0
8 	 0
9 	 2
10 	 2
11 	 1
12 	 2
13 	 5
14 	 6
15 	 5
16 	 6
17 	 4
18 	 6
19 	 5
20 	 8
21 	 9
22 	 2
23 	 9
24 	 8
25 	 8
26 	 5
27 	 6
28 	 7
29 	 5
30 	 6
31 	 8
32 	 7
33 	 4
34 	 6
35 	 6
36 	 9
37 	 5
38 	 6
39 	 4
40 	 6
41 	 6
42 	 7
43 	 6
44 	 16
45 	 9
46 	 5
47 	 4
48 	 7
49 	 12
50 	 7
51 	 8
52 	 9
53 	 11
54 	 11
55 	 12
56 	 12
57 	 13
58 	 13
59 	 9
60 	 6
61 	 16
62 	 13
63 	 14
64 	 16
65 	 12
66 	 8
67 	 12
68 	 11
69 	 10
70 	 13
71 	 10
72 	 17
73 	 8
74 	 9
75 	 11
76 	 6
77 	 7
78 	 10
79 	 14
80 	 10
81 	 10
82 	 13
83 	 7
84 	 12
85 	 9
86 	 10
87 	 13
88 	 7
89 	 8
90 	 4
91 	 7
92 	 12
93 	 5
94 	 12
95 	 9
96 	 8
97 	 13
98 	 16
99 	 6
100 	 10
101 	 11
102 	 11
103 	 9
104 	 18
105 	 10
106 	 10
107 	 9
108 	 5
109 	 5
110 	 10
111 	 6
112 	 9
113 	 14
114 	 6
115 	 6
116 	 9
117 	 8
118 	 7
119 	 8
120 	 5
121 	 7
122 	 8
123 	 12
124 	 5
125 	 11
126 	 13
127 	 11
128 	 7
129 	 8
130 	 6
131 	 9
132 	 12
133 	 9
134 	 8
135 	 5
136 	 7
137 	 4
138 	 11
139 	 5
140 	 14
141 	 5
142 	 4
143 	 6
144 	 6
145 	 6
146 	 10
147 	 7
148 	 8
149 	 5
150 	 11
151 	 7
152 	 11
153 	 6
154 	 10
155 	 8
156 	 15
157 	 12
158 	 9
159 	 10
160 	 4
161 	 7
162 	 6
163 	 7
164 	 8
165 	 6
166 	 11
167 	 6
168 	 6
169 	 10
170 	 7
171 	 5
172 	 16
173 	 8
174 	 7
175 	 7
176 	 10
177 	 6
178 	 9
179 	 4
180 	 7
181 	 9
182 	 9
183 	 7
184 	 6
185 	 9
186 	 5
187 	 9
188 	 3
189 	 8
190 	 6
191 	 5
192 	 8
193 	 9
194 	 13
195 	 8
196 	 8
197 	 6
198 	 13
199 	 9
200 	 6
201 	 6
202 	 4
203 	 8
204 	 4
205 	 7
206 	 0
207 	 4
208 	 1
209 	 6
210 	 3
211 	 1
212 	 4
213 	 4
214 	 5
215 	 4
216 	 3
217 	 1
218 	 1
219 	 2
220 	 1
221 	 3
222 	 2
223 	 1
224 	 1
225 	 1
226 	 4
227 	 2
228 	 1
229 	 5
230 	 4
231 	 1
232 	 5
233 	 6
234 	 3
235 	 3
236 	 3
237 	 2
238 	 1
239 	 0
240 	 2
241 	 3
242 	 1
243 	 1
244 	 2
245 	 1
246 	 3
247 	 1
248 	 3
249 	 2
250 	 3
251 	 2
252 	 7
253 	 3
254 	 1
255 	 2
256 	 1
257 	 2
258 	 3
259 	 3
260 	 1
261 	 4
262 	 4
263 	 6
264 	 5
265 	 8
266 	 10
267 	 8
268 	 11
269 	 12
270 	 24
271 	 17
272 	 27
273 	 28
274 	 22
275 	 35
276 	 38
277 	 35
278 	 34
279 	 44
280 	 39
281 	 43
282 	 52
283 	 58
284 	 66
285 	 47
286 	 45
287 	 52
288 	 61
289 	 46
290 	 48
291 	 52
292 	 45
293 	 46
294 	 29
295 	 35
296 	 29
297 	 27
298 	 20
299 	 18
300 	 12
301 	 11
302 	 15
303 	 8
304 	 5
305 	 2
306 	 1
307 	 5
308 	 3
309 	 0
310 	 1
311 	 2
312 	 1
313 	 0
314 	 1
315 	 0
316 	 0
317 	 0
318 	 0
319 	 1
320 	 0
321 	 0
322 	 0
323 	 0
324 	 0
325 	 1
326 	 0
327 	 2
328 	 0
329 	 0
330 	 0
331 	 0
332 	 0
333 	 1
334 	 0
335 	 0
336 	 0
337 	 0
338 	 0
339 	 0
340 	 0
341 	 0
342 	 0
343 	 0
344 	 0
345 	 0
346 	 0
347 	 0
348 	 0
349 	 0
350 	 0
351 	 0
352 	 0
353 	 0
354 	 0
355 	 0
356 	 0
357 	 0
358 	 0
359 	 0
360 	 0
361 	 1
362 	 1
363 	 0
364 	 0
365 	 0
366 	 0
367 	 0
368 	 0
369 	 1
370 	 0
371 	 0
372 	 0
373 	 0
374 	 1
375 	 0
376 	 0
377 	 1
378 	 0
379 	 1
380 	 0
381 	 0
382 	 0
383 	 0
384 	 0
385 	 0
386 	 0
387 	 0
388 	 0
389 	 0
390 	 0
391 	 0
392 	 0
393 	 0
394 	 0
395 	 0
396 	 0
397 	 0
398 	 0
399 	 1
400 	 0
401 	 0
402 	 1
403 	 1
404 	 0
405 	 0
406 	 0
407 	 0
408 	 0
409 	 0
410 	 0
411 	 1
412 	 0
413 	 0
414 	 0
415 	 0
416 	 0
417 	 0
418 	 1
419 	 0
420 	 0
421 	 0
422 	 1
423 	 0
424 	 0
425 	 0
426 	 0
427 	 0
428 	 0
429 	 0
430 	 0
431 	 0
432 	 0
433 	 0
434 	 0
435 	 0
436 	 0
437 	 0
438 	 0
439 	 0
440 	 0
441 	 1
442 	 0
443 	 0
444 	 0
445 	 0
446 	 1
447 	 0
448 	 0
449 	 0
450 	 0
451 	 0
452 	 0
453 	 0
454 	 1
455 	 0
456 	 0
457 	 0
458 	 1
459 	 0
460 	 0
461 	 0
462 	 0
463 	 1
464 	 0
465 	 0
466 	 0
467 	 0
468 	 2
469 	 0
470 	 0
471 	 0
472 	 0
473 	 0
474 	 0
475 	 0
476 	 1
477 	 0
478 	 0
479 	 0
480 	 0
481 	 0
482 	 0
483 	 0
484 	 1
485 	 0
486 	 2
487 	 0
488 	 0
489 	 0
490 	 0
491 	 0
492 	 0
493 	 0
494 	 0
495 	 1
496 	 0
497 	 0
498 	 0
499 	 0
500 	 0
501 	 1
502 	 0
503 	 0
504 	 0
505 	 0
506 	 1
507 	 0
508 	 1
509 	 0
510 	 0
511 	 0
512 	 1
513 	 0
514 	 0
515 	 0
516 	 0
517 	 0
518 	 0
519 	 0
520 	 0
521 	 0
522 	 0
523 	 0
524 	 0
525 	 0
526 	 0
527 	 0
528 	 0
529 	 0
530 	 0
531 	 0
532 	 0
533 	 0
534 	 0
535 	 0
536 	 0
537 	 0
538 	 0
539 	 0
540 	 0
541 	 0
542 	 0
543 	 0
544 	 0
545 	 0
546 	 0
547 	 0
548 	 0
549 	 0
550 	 0
551 	 0
552 	 1
553 	 0
554 	 0
555 	 0
556 	 0
557 	 0
558 	 0
559 	 0
560 	 0
561 	 0
562 	 0
563 	 0
564 	 0
565 	 1
566 	 0
567 	 0
568 	 0
569 	 0
570 	 0
571 	 0
572 	 0
573 	 0
574 	 0
575 	 1
576 	 0
577 	 0
578 	 0
579 	 0
580 	 0
581 	 0
582 	 0
583 	 0
584 	 0
585 	 0
586 	 0
587 	 0
588 	 0
589 	 0
590 	 0
591 	 0
592 	 1
593 	 0
594 	 0
595 	 0
596 	 0
597 	 0
598 	 0
599 	 0
600 	 0
601 	 0
602 	 0
603 	 0
604 	 1
605 	 2
606 	 0
607 	 0
608 	 0
609 	 0
610 	 1
611 	 0
612 	 0
613 	 0
614 	 0
615 	 0
616 	 0
617 	 0
618 	 0
619 	 1
620 	 0
621 	 0
622 	 0
623 	 1
624 	 0
625 	 1
626 	 0
627 	 0
628 	 0
629 	 0
630 	 0
631 	 0
632 	 0
633 	 0
634 	 0
635 	 0
636 	 0
637 	 0
638 	 0
639 	 0
640 	 0
641 	 0
642 	 0
643 	 0
644 	 0
645 	 0
646 	 0
647 	 0
648 	 0
649 	 0
650 	 0
651 	 0
652 	 0
653 	 0
654 	 0
655 	 0
656 	 0
657 	 0
658 	 0
659 	 0
660 	 0
661 	 0
662 	 0
663 	 0
664 	 0
665 	 0
666 	 0
667 	 0
668 	 0
669 	 0
670 	 0
671 	 0
672 	 0
673 	 0
674 	 0
675 	 0
676 	 0
677 	 0
678 	 0
679 	 0
680 	 0
681 	 0
682 	 0
683 	 0
684 	 0
685 	 0
686 	 0
687 	 0
688 	 0
689 	 0
690 	 0
691 	 0
692 	 1
693 	 0
694 	 0
695 	 0
696 	 0
697 	 0
698 	 0
699 	 0
700 	 0
701 	 0
702 	 0
703 	 0
704 	 0
705 	 0
706 	 0
707 	 0
708 	 0
709 	 0
710 	 0
711 	 0
712 	 0
713 	 0
714 	 0
715 	 0
716 	 0
717 	 0
718 	 0
719 	 0
720 	 0
721 	 0
722 	 0
723 	 0
724 	 0
725 	 0
726 	 0
727 	 0
728 	 0
729 	 0
730 	 0
731 	 0
732 	 0
733 	 0
734 	 0
735 	 0
736 	 0
737 	 0
738 	 0
739 	 0
740 	 0
741 	 0
742 	 0
743 	 1
744 	 0
745 	 0
746 	 0
747 	 0
748 	 0
749 	 0
750 	 0
751 	 0
752 	 0
753 	 0
754 	 0
755 	 0
756 	 0
757 	 0
758 	 0
759 	 0
760 	 0
761 	 1
762 	 0
763 	 0
764 	 0
765 	 1
766 	 0
767 	 0
768 	 0
769 	 0
770 	 0
771 	 0
772 	 0
773 	 0
774 	 0
775 	 0
776 	 0
777 	 0
778 	 0
779 	 0
780 	 0
781 	 0
782 	 0
783 	 0
784 	 0
785 	 0
786 	 0
787 	 0
788 	 0
789 	 0
790 	 0
791 	 0
792 	 0
793 	 0
794 	 0
795 	 0
796 	 0
797 	 0
798 	 0
799 	 0
800 	 0
801 	 0
802 	 0
803 	 0
804 	 0
805 	 0
806 	 0
807 	 0
808 	 0
809 	 0
810 	 0
811 	 0
812 	 0
813 	 0
814 	 0
815 	 0
816 	 0
817 	 0
818 	 0
819 	 0
820 	 0
821 	 0
822 	 0
823 	 1
824 	 0
825 	 0
826 	 0
827 	 0
828 	 0
829 	 0
830 	 0
831 	 0
832 	 0
833 	 0
834 	 0
835 	 0
836 	 0
837 	 0
838 	 0
839 	 0
840 	 0
841 	 0
842 	 0
843 	 0
844 	 0
845 	 0
846 	 0
847 	 0
848 	 0
849 	 0
850 	 0
851 	 0
852 	 0
853 	 0
854 	 0
855 	 0
856 	 0
857 	 0
858 	 0
859 	 0
860 	 0
861 	 0
862 	 0
863 	 0
864 	 0
865 	 0
866 	 0
867 	 0
868 	 0
869 	 0
870 	 0
871 	 0
872 	 0
873 	 0
874 	 0
875 	 0
876 	 0
877 	 1
878 	 0
879 	 0
880 	 0
881 	 0
882 	 0
883 	 0
884 	 0
885 	 0
886 	 0
887 	 0
888 	 0
889 	 0
890 	 0
891 	 0
892 	 0
893 	 0
894 	 0
895 	 0
896 	 0
897 	 0
898 	 0
899 	 0
900 	 0
901 	 0
902 	 0
903 	 0
904 	 0
905 	 0
906 	 0
907 	 0
908 	 0
909 	 0
910 	 0
911 	 0
912 	 0
913 	 0
914 	 0
915 	 0
916 	 0
917 	 0
918 	 0
919 	 0
920 	 0
921 	 0
922 	 0
923 	 0
924 	 0
925 	 0
926 	 0
927 	 0
928 	 0
929 	 0
930 	 0
931 	 0
932 	 0
933 	 0
934 	 0
935 	 0
936 	 0
937 	 1
938 	 0
939 	 0
940 	 0
941 	 0
942 	 0
943 	 0
944 	 0
945 	 0
946 	 0
947 	 0
948 	 0
949 	 0
950 	 0
951 	 0
952 	 0
953 	 0
954 	 0
955 	 0
956 	 0
957 	 0
958 	 0
959 	 0
960 	 0
961 	 0
962 	 0
963 	 0
964 	 0
965 	 0
966 	 0
967 	 0
968 	 0
969 	 0
970 	 0
971 	 0
972 	 0
973 	 0
974 	 0
975 	 0
976 	 0
977 	 0
978 	 0
979 	 0
980 	 0
981 	 0
982 	 0
983 	 0
984 	 0
985 	 0
986 	 0
987 	 0
988 	 0
989 	 0
990 	 0
991 	 0
992 	 0
993 	 0
994 	 0
995 	 0
996 	 0
997 	 0
998 	 0
999 	 0
1000 	 0
1001 	 0
1002 	 0
1003 	 0
1004 	 0
1005 	 0
1006 	 0
1007 	 0
1008 	 0
1009 	 0
1010 	 0
1011 	 0
1012 	 0
1013 	 0
1014 	 0
1015 	 0
1016 	 0
1017 	 0
1018 	 0
1019 	 0
1020 	 0
1021 	 0
1022 	 0
1023 	 0


# Energy calibration zero intercept, 0.0 for uncalibrated spectrum: 0.00000
# Energy calibration slope, 1.0 for uncalibrated spectrum: 0.00000
# Energy calibration quadratic term, 0.0 for uncalibrated spectrum: 0.00000
# Peak shape calibration zero intercept, 1.0 for uncalibrated spectrum: 1.00000
# Peak shape calibration slope, 0.0 for uncalibrated spectrum: 0.00000
# Peak shape calibration quadratic term, 0.0 for uncalibrated spectrum: 0.00000
# Detector description: 
# Sample description: 
