SpectrumName : C112.SPC
XUnit        : 
YUnit        : 
Length       : 1024
SubSpcNum    : 1
StartSubSpc  : 0
StopSubSpc   : 0
Comment      : 
Realtime     : 27.490
Livetime     : 27.430
Deadtime     : 0.060
FastChannel  : 3142
Starttime    : 31.12.1999 15:18:48
Stoptime     : 31.12.1999 15:19:15
CalibCoeff   : a=0.000000000E+000 b=0.000000000E+000 c=0.000000000E+000 d=0.000000000E+000
SpectrumText : 0 
0,0,0,0,0,0,0,0
0,2,2,1,2,5,6,5
6,4,6,5,8,9,2,9
8,8,5,6,7,5,6,8
7,4,6,6,9,5,6,4
6,6,7,6,16,9,5,4
7,12,7,8,9,11,11,12
12,13,13,9,6,16,13,14
16,12,8,12,11,10,13,10
17,8,9,11,6,7,10,14
10,10,13,7,12,9,10,13
7,8,4,7,12,5,12,9
8,13,16,6,10,11,11,9
18,10,10,9,5,5,10,6
9,14,6,6,9,8,7,8
5,7,8,12,5,11,13,11
7,8,6,9,12,9,8,5
7,4,11,5,14,5,4,6
6,6,10,7,8,5,11,7
11,6,10,8,15,12,9,10
4,7,6,7,8,6,11,6
6,10,7,5,16,8,7,7
10,6,9,4,7,9,9,7
6,9,5,9,3,8,6,5
8,9,13,8,8,6,13,9
6,6,4,8,4,7,0,4
1,6,3,1,4,4,5,4
3,1,1,2,1,3,2,1
1,1,4,2,1,5,4,1
5,6,3,3,3,2,1,0
2,3,1,1,2,1,3,1
3,2,3,2,7,3,1,2
1,2,3,3,1,4,4,6
5,8,10,8,11,12,24,17
27,28,22,35,38,35,34,44
39,43,52,58,66,47,45,52
61,46,48,52,45,46,29,35
29,27,20,18,12,11,15,8
5,2,1,5,3,0,1,2
1,0,1,0,0,0,0,1
0,0,0,0,0,1,0,2
0,0,0,0,0,1,0,0
0,0,0,0,0,0,0,0
0,0,0,0,0,0,0,0
0,0,0,0,0,0,0,0
0,1,1,0,0,0,0,0
0,1,0,0,0,0,1,0
0,1,0,1,0,0,0,0
0,0,0,0,0,0,0,0
0,0,0,0,0,0,0,1
0,0,1,1,0,0,0,0
0,0,0,1,0,0,0,0
0,0,1,0,0,0,1,0
0,0,0,0,0,0,0,0
0,0,0,0,0,0,0,0
0,1,0,0,0,0,1,0
0,0,0,0,0,0,1,0
0,0,1,0,0,0,0,1
0,0,0,0,2,0,0,0
0,0,0,0,1,0,0,0
0,0,0,0,1,0,2,0
0,0,0,0,0,0,0,1
0,0,0,0,0,1,0,0
0,0,1,0,1,0,0,0
1,0,0,0,0,0,0,0
0,0,0,0,0,0,0,0
0,0,0,0,0,0,0,0
0,0,0,0,0,0,0,0
0,0,0,0,0,0,0,0
1,0,0,0,0,0,0,0
0,0,0,0,0,1,0,0
0,0,0,0,0,0,0,1
0,0,0,0,0,0,0,0
0,0,0,0,0,0,0,0
1,0,0,0,0,0,0,0
0,0,0,0,1,2,0,0
0,0,1,0,0,0,0,0
0,0,0,1,0,0,0,1
0,1,0,0,0,0,0,0
0,0,0,0,0,0,0,0
0,0,0,0,0,0,0,0
0,0,0,0,0,0,0,0
0,0,0,0,0,0,0,0
0,0,0,0,0,0,0,0
0,0,0,0,0,0,0,0
0,0,0,0,0,0,0,0
0,0,0,0,1,0,0,0
0,0,0,0,0,0,0,0
0,0,0,0,0,0,0,0
0,0,0,0,0,0,0,0
0,0,0,0,0,0,0,0
0,0,0,0,0,0,0,0
0,0,0,0,0,0,0,1
0,0,0,0,0,0,0,0
0,0,0,0,0,0,0,0
0,1,0,0,0,1,0,0
0,0,0,0,0,0,0,0
0,0,0,0,0,0,0,0
0,0,0,0,0,0,0,0
0,0,0,0,0,0,0,0
0,0,0,0,0,0,0,0
0,0,0,0,0,0,0,0
0,0,0,0,0,0,0,1
0,0,0,0,0,0,0,0
0,0,0,0,0,0,0,0
0,0,0,0,0,0,0,0
0,0,0,0,0,0,0,0
0,0,0,0,0,0,0,0
0,0,0,0,0,0,0,0
0,0,0,0,0,1,0,0
0,0,0,0,0,0,0,0
0,0,0,0,0,0,0,0
0,0,0,0,0,0,0,0
0,0,0,0,0,0,0,0
0,0,0,0,0,0,0,0
0,0,0,0,0,0,0,0
0,0,0,0,0,0,0,0
0,1,0,0,0,0,0,0
0,0,0,0,0,0,0,0
0,0,0,0,0,0,0,0
0,0,0,0,0,0,0,0
0,0,0,0,0,0,0,0
0,0,0,0,0,0,0,0
0,0,0,0,0,0,0,0
0,0,0,0,0,0,0,0
0,0,0,0,0,0,0,0
0,0,0,0,0,0,0,0
0,0,0,0,0,0,0,0
