SpectrumName : C22.SPC
XUnit        : 
YUnit        : 
Length       : 1024
SubSpcNum    : 1
StartSubSpc  : 0
StopSubSpc   : 0
Comment      : 
Realtime     : 42.380
Livetime     : 42.260
Deadtime     : 0.120
FastChannel  : 4178
Starttime    : 31.12.1999 10:39:02
Stoptime     : 31.12.1999 10:39:45
CalibCoeff   : a=0.000000000E+000 b=0.000000000E+000 c=0.000000000E+000 d=0.000000000E+000
SpectrumText : 0 
0,0,0,0,0,0,0,0
1,2,3,5,3,5,9,5
7,6,6,8,8,15,9,3
11,10,9,8,2,13,5,10
8,9,13,3,10,10,6,9
11,13,14,17,14,9,9,7
9,13,11,5,14,10,17,15
21,17,16,16,12,18,21,13
16,18,14,12,15,11,15,23
16,18,15,18,12,18,8,13
9,16,22,10,15,18,16,15
20,17,16,12,18,9,13,9
13,13,11,15,15,19,10,9
11,8,7,13,9,7,15,14
12,4,13,14,7,9,18,13
7,12,18,12,14,9,14,10
14,14,8,14,12,8,10,8
7,13,8,11,5,13,12,11
10,11,5,7,9,8,8,11
8,15,8,3,4,10,11,8
12,12,6,13,14,13,6,6
13,15,10,11,11,6,16,12
7,12,14,10,12,10,9,10
11,5,8,11,8,15,8,12
4,5,14,6,5,10,8,9
10,3,7,13,9,8,8,5
4,4,6,6,5,1,5,8
3,1,2,7,5,4,7,2
5,3,7,2,4,1,1,4
2,3,3,7,3,1,4,3
2,3,2,6,5,7,3,8
4,6,5,4,7,5,5,5
2,4,9,5,6,5,7,5
9,12,19,16,15,18,20,26
18,29,37,41,44,58,59,67
73,79,67,70,72,60,55,59
61,57,51,48,56,32,49,37
29,18,23,24,23,12,7,9
8,8,3,3,1,1,0,2
0,2,0,0,2,0,0,0
0,0,0,0,0,1,0,1
0,1,1,1,1,0,0,0
0,0,0,0,1,1,0,2
1,0,0,1,2,0,0,0
0,0,0,0,0,0,1,0
1,0,0,0,0,0,0,0
0,1,0,1,1,0,0,0
1,0,1,0,0,0,0,0
0,0,2,2,0,0,0,1
1,0,1,2,0,0,0,0
0,0,1,0,0,1,0,0
0,0,0,0,0,0,1,0
0,0,0,0,0,0,0,0
0,0,0,0,0,0,0,0
0,0,0,0,1,1,1,0
0,1,0,0,0,0,1,2
0,0,1,0,0,1,0,0
0,0,0,0,0,0,0,0
1,0,0,1,0,0,0,0
1,2,0,0,0,1,0,0
0,0,1,0,0,0,0,0
0,1,0,0,0,0,1,0
0,0,0,0,0,0,0,0
0,0,0,0,0,2,0,0
0,1,1,0,0,0,1,0
0,0,0,0,1,0,0,1
0,0,0,1,0,0,0,0
0,0,0,0,0,0,0,0
0,0,0,0,0,0,1,0
0,0,0,1,0,2,0,0
0,0,0,1,1,0,0,0
0,0,0,0,0,0,1,0
0,0,0,0,0,2,0,1
0,1,0,0,0,0,0,1
0,2,0,0,0,0,0,0
0,0,0,0,0,1,0,0
1,1,0,0,0,0,1,0
1,0,0,0,0,0,0,0
0,1,0,1,1,1,0,0
0,0,1,0,0,0,0,0
0,2,0,1,0,0,0,0
0,0,0,0,0,0,0,0
0,0,0,0,0,0,0,0
0,0,0,0,0,0,0,0
0,1,0,1,0,0,1,0
0,0,0,0,0,0,0,0
0,0,0,0,0,0,0,0
0,0,0,0,0,0,0,0
0,0,0,0,0,0,0,0
0,0,0,0,0,0,0,0
0,0,0,0,0,0,0,0
0,0,0,0,0,0,0,0
0,0,0,0,0,0,0,0
0,0,0,0,0,0,0,0
0,0,0,0,0,1,0,0
0,0,0,0,0,0,1,0
0,0,0,0,0,0,0,1
0,0,0,0,0,1,1,0
0,0,0,0,0,0,0,0
0,0,0,0,0,0,0,0
0,0,0,0,0,0,0,0
0,0,0,0,0,0,0,0
0,0,0,0,0,0,0,0
0,0,0,0,1,0,0,0
0,0,0,0,0,0,0,0
0,0,0,0,0,1,0,0
0,0,0,0,0,0,0,0
0,0,0,0,0,0,0,0
0,0,0,0,0,0,0,0
0,0,0,0,0,0,0,0
0,1,0,0,0,0,0,0
0,0,0,0,0,0,0,0
0,0,0,1,0,0,0,0
0,0,0,0,0,0,0,0
0,0,0,0,0,0,0,0
0,0,0,0,0,0,0,0
0,0,0,0,0,0,0,0
0,0,0,0,0,0,0,0
0,0,0,0,0,0,0,0
0,0,0,0,0,0,0,0
0,0,0,0,0,0,0,0
0,0,0,0,0,0,0,0
0,0,0,0,0,0,0,0
0,0,0,1,0,0,0,0
0,0,0,0,0,0,0,0
0,0,0,0,0,0,0,0
0,0,0,0,0,0,0,0
0,0,0,0,0,0,0,0
