SpectrumName : C13.SPC
XUnit        : 
YUnit        : 
Length       : 1024
SubSpcNum    : 1
StartSubSpc  : 0
StopSubSpc   : 0
Comment      : 
Realtime     : 33.900
Livetime     : 33.820
Deadtime     : 0.080
FastChannel  : 3482
Starttime    : 31.12.1999 14:54:58
Stoptime     : 31.12.1999 14:55:32
CalibCoeff   : a=0.000000000E+000 b=0.000000000E+000 c=0.000000000E+000 d=0.000000000E+000
SpectrumText : 0 
0,0,0,0,0,0,0,0
0,1,1,4,4,5,4,6
1,8,9,7,7,8,6,7
8,6,6,6,7,7,8,10
16,12,2,5,11,9,14,9
11,3,11,5,11,6,6,11
5,13,10,12,15,6,11,14
12,12,5,6,13,13,12,12
14,13,10,14,18,22,15,14
9,7,12,17,8,11,16,11
7,12,9,7,15,13,16,10
9,11,20,15,14,10,13,16
8,16,11,7,14,10,10,8
7,11,12,12,12,6,7,10
10,14,8,11,17,8,15,10
11,4,13,12,12,9,13,11
6,7,9,9,7,11,9,9
9,5,5,2,6,10,7,13
8,5,13,4,12,14,8,8
12,12,7,8,16,3,8,7
10,9,10,10,11,13,12,10
10,7,5,8,7,9,6,6
9,7,14,13,6,7,5,7
7,11,10,3,10,9,9,6
8,9,4,7,8,8,4,10
5,2,6,3,8,4,7,3
4,9,4,1,2,7,3,6
2,3,4,1,7,5,0,2
1,2,3,3,1,4,3,4
3,4,2,5,2,3,4,8
2,5,1,5,2,2,4,1
4,5,3,4,1,1,1,4
4,1,6,5,7,4,4,4
18,12,14,11,10,13,16,17
21,30,30,33,30,42,52,47
43,46,33,43,60,56,51,51
55,56,50,39,41,47,37,30
25,21,24,14,17,12,16,5
8,5,5,5,2,3,3,2
0,0,1,1,0,0,1,1
0,1,0,1,0,0,4,0
1,0,0,0,1,0,0,0
1,0,1,0,0,0,0,0
0,0,0,1,2,0,0,2
0,1,0,0,1,0,2,1
1,0,1,0,1,0,1,0
0,1,2,0,0,2,0,0
0,1,0,1,1,0,1,0
0,0,0,0,1,0,0,1
0,0,0,0,1,1,0,0
2,0,0,1,2,0,0,1
0,1,0,0,0,0,0,0
0,0,0,1,0,0,0,1
1,0,0,0,2,0,0,0
0,0,0,1,1,1,0,0
0,0,0,0,0,0,0,0
2,0,0,1,0,0,0,0
0,0,0,0,0,0,2,0
1,0,0,1,0,0,0,0
0,0,0,0,0,0,1,0
0,0,0,0,0,0,1,0
0,0,0,0,0,0,0,0
0,0,0,0,0,0,0,0
0,0,0,1,1,0,0,0
0,0,0,0,0,0,0,0
0,1,0,0,0,0,0,0
0,0,0,0,0,0,0,0
0,0,0,0,0,0,0,0
0,1,0,0,0,1,0,0
0,0,0,0,0,0,1,0
0,0,0,0,0,0,0,0
0,0,1,0,0,0,0,0
0,0,0,0,0,0,0,0
0,0,1,0,1,0,1,0
0,0,1,0,0,1,0,1
0,0,1,0,0,0,2,0
0,1,0,1,0,0,0,0
0,0,1,1,0,0,0,0
0,0,0,0,1,0,0,0
0,2,0,1,0,0,0,0
0,0,0,0,0,0,0,0
0,0,0,0,0,0,0,0
1,0,0,0,0,0,0,0
0,0,0,0,0,0,0,0
0,0,0,0,0,0,0,0
0,0,0,0,0,0,0,0
0,0,0,0,0,0,0,0
0,0,0,0,0,0,0,0
0,0,0,0,0,0,0,1
1,0,0,0,0,0,0,0
0,0,0,0,0,0,0,0
0,0,0,0,0,0,0,0
0,0,0,0,0,1,0,0
0,1,0,0,0,0,0,0
0,0,0,0,0,0,0,0
0,0,0,1,0,0,0,0
0,0,0,0,0,0,0,0
0,0,0,0,0,0,0,0
0,0,0,0,0,0,0,0
1,0,0,0,0,0,0,0
0,0,0,0,0,0,0,0
0,0,0,0,0,0,0,0
0,0,0,0,1,0,0,0
0,0,0,0,0,0,0,0
0,0,0,0,0,0,0,0
0,0,0,0,0,0,0,0
0,0,0,0,0,0,0,0
0,0,0,0,0,0,0,0
0,0,0,0,0,0,0,0
0,0,0,0,0,0,0,0
0,0,0,0,0,1,0,0
0,0,0,0,0,0,0,0
0,0,0,0,0,0,0,0
0,0,0,0,0,0,0,0
0,0,0,0,0,0,0,0
0,0,0,0,0,0,0,0
0,0,0,0,0,0,0,0
0,0,0,0,0,0,0,0
0,0,0,0,0,0,0,0
0,0,0,0,0,0,0,0
0,0,0,0,0,0,0,0
0,0,0,0,0,0,0,0
0,0,0,0,0,0,0,0
0,0,0,0,0,0,0,0
0,0,0,0,0,0,0,0
0,0,0,0,0,0,0,0
1,0,0,0,0,0,0,0
0,0,0,0,0,0,0,0
