# Converted file from inputfile C13.CHN
# MCA number or Detector number: 1
# Segment number (set to 1 in UMCBI): 1
# ASCII seconds of start time: 14389
# Real Time (s): 33.9000
# Live Time (s) : 33.8200
# Start Date (DDMMMYY): 31DEC99
# Start time (HHMM): 1454
# Channel offset of data: 0
# Number of channels (length of data): 1024

# Data: 

0 	 0
1 	 0
2 	 0
3 	 0
4 	 0
5 	 0
6 	 0
7 	 0
8 	 0
9 	 1
10 	 1
11 	 4
12 	 4
13 	 5
14 	 4
15 	 6
16 	 1
17 	 8
18 	 9
19 	 7
20 	 7
21 	 8
22 	 6
23 	 7
24 	 8
25 	 6
26 	 6
27 	 6
28 	 7
29 	 7
30 	 8
31 	 10
32 	 16
33 	 12
34 	 2
35 	 5
36 	 11
37 	 9
38 	 14
39 	 9
40 	 11
41 	 3
42 	 11
43 	 5
44 	 11
45 	 6
46 	 6
47 	 11
48 	 5
49 	 13
50 	 10
51 	 12
52 	 15
53 	 6
54 	 11
55 	 14
56 	 12
57 	 12
58 	 5
59 	 6
60 	 13
61 	 13
62 	 12
63 	 12
64 	 14
65 	 13
66 	 10
67 	 14
68 	 18
69 	 22
70 	 15
71 	 14
72 	 9
73 	 7
74 	 12
75 	 17
76 	 8
77 	 11
78 	 16
79 	 11
80 	 7
81 	 12
82 	 9
83 	 7
84 	 15
85 	 13
86 	 16
87 	 10
88 	 9
89 	 11
90 	 20
91 	 15
92 	 14
93 	 10
94 	 13
95 	 16
96 	 8
97 	 16
98 	 11
99 	 7
100 	 14
101 	 10
102 	 10
103 	 8
104 	 7
105 	 11
106 	 12
107 	 12
108 	 12
109 	 6
110 	 7
111 	 10
112 	 10
113 	 14
114 	 8
115 	 11
116 	 17
117 	 8
118 	 15
119 	 10
120 	 11
121 	 4
122 	 13
123 	 12
124 	 12
125 	 9
126 	 13
127 	 11
128 	 6
129 	 7
130 	 9
131 	 9
132 	 7
133 	 11
134 	 9
135 	 9
136 	 9
137 	 5
138 	 5
139 	 2
140 	 6
141 	 10
142 	 7
143 	 13
144 	 8
145 	 5
146 	 13
147 	 4
148 	 12
149 	 14
150 	 8
151 	 8
152 	 12
153 	 12
154 	 7
155 	 8
156 	 16
157 	 3
158 	 8
159 	 7
160 	 10
161 	 9
162 	 10
163 	 10
164 	 11
165 	 13
166 	 12
167 	 10
168 	 10
169 	 7
170 	 5
171 	 8
172 	 7
173 	 9
174 	 6
175 	 6
176 	 9
177 	 7
178 	 14
179 	 13
180 	 6
181 	 7
182 	 5
183 	 7
184 	 7
185 	 11
186 	 10
187 	 3
188 	 10
189 	 9
190 	 9
191 	 6
192 	 8
193 	 9
194 	 4
195 	 7
196 	 8
197 	 8
198 	 4
199 	 10
200 	 5
201 	 2
202 	 6
203 	 3
204 	 8
205 	 4
206 	 7
207 	 3
208 	 4
209 	 9
210 	 4
211 	 1
212 	 2
213 	 7
214 	 3
215 	 6
216 	 2
217 	 3
218 	 4
219 	 1
220 	 7
221 	 5
222 	 0
223 	 2
224 	 1
225 	 2
226 	 3
227 	 3
228 	 1
229 	 4
230 	 3
231 	 4
232 	 3
233 	 4
234 	 2
235 	 5
236 	 2
237 	 3
238 	 4
239 	 8
240 	 2
241 	 5
242 	 1
243 	 5
244 	 2
245 	 2
246 	 4
247 	 1
248 	 4
249 	 5
250 	 3
251 	 4
252 	 1
253 	 1
254 	 1
255 	 4
256 	 4
257 	 1
258 	 6
259 	 5
260 	 7
261 	 4
262 	 4
263 	 4
264 	 18
265 	 12
266 	 14
267 	 11
268 	 10
269 	 13
270 	 16
271 	 17
272 	 21
273 	 30
274 	 30
275 	 33
276 	 30
277 	 42
278 	 52
279 	 47
280 	 43
281 	 46
282 	 33
283 	 43
284 	 60
285 	 56
286 	 51
287 	 51
288 	 55
289 	 56
290 	 50
291 	 39
292 	 41
293 	 47
294 	 37
295 	 30
296 	 25
297 	 21
298 	 24
299 	 14
300 	 17
301 	 12
302 	 16
303 	 5
304 	 8
305 	 5
306 	 5
307 	 5
308 	 2
309 	 3
310 	 3
311 	 2
312 	 0
313 	 0
314 	 1
315 	 1
316 	 0
317 	 0
318 	 1
319 	 1
320 	 0
321 	 1
322 	 0
323 	 1
324 	 0
325 	 0
326 	 4
327 	 0
328 	 1
329 	 0
330 	 0
331 	 0
332 	 1
333 	 0
334 	 0
335 	 0
336 	 1
337 	 0
338 	 1
339 	 0
340 	 0
341 	 0
342 	 0
343 	 0
344 	 0
345 	 0
346 	 0
347 	 1
348 	 2
349 	 0
350 	 0
351 	 2
352 	 0
353 	 1
354 	 0
355 	 0
356 	 1
357 	 0
358 	 2
359 	 1
360 	 1
361 	 0
362 	 1
363 	 0
364 	 1
365 	 0
366 	 1
367 	 0
368 	 0
369 	 1
370 	 2
371 	 0
372 	 0
373 	 2
374 	 0
375 	 0
376 	 0
377 	 1
378 	 0
379 	 1
380 	 1
381 	 0
382 	 1
383 	 0
384 	 0
385 	 0
386 	 0
387 	 0
388 	 1
389 	 0
390 	 0
391 	 1
392 	 0
393 	 0
394 	 0
395 	 0
396 	 1
397 	 1
398 	 0
399 	 0
400 	 2
401 	 0
402 	 0
403 	 1
404 	 2
405 	 0
406 	 0
407 	 1
408 	 0
409 	 1
410 	 0
411 	 0
412 	 0
413 	 0
414 	 0
415 	 0
416 	 0
417 	 0
418 	 0
419 	 1
420 	 0
421 	 0
422 	 0
423 	 1
424 	 1
425 	 0
426 	 0
427 	 0
428 	 2
429 	 0
430 	 0
431 	 0
432 	 0
433 	 0
434 	 0
435 	 1
436 	 1
437 	 1
438 	 0
439 	 0
440 	 0
441 	 0
442 	 0
443 	 0
444 	 0
445 	 0
446 	 0
447 	 0
448 	 2
449 	 0
450 	 0
451 	 1
452 	 0
453 	 0
454 	 0
455 	 0
456 	 0
457 	 0
458 	 0
459 	 0
460 	 0
461 	 0
462 	 2
463 	 0
464 	 1
465 	 0
466 	 0
467 	 1
468 	 0
469 	 0
470 	 0
471 	 0
472 	 0
473 	 0
474 	 0
475 	 0
476 	 0
477 	 0
478 	 1
479 	 0
480 	 0
481 	 0
482 	 0
483 	 0
484 	 0
485 	 0
486 	 1
487 	 0
488 	 0
489 	 0
490 	 0
491 	 0
492 	 0
493 	 0
494 	 0
495 	 0
496 	 0
497 	 0
498 	 0
499 	 0
500 	 0
501 	 0
502 	 0
503 	 0
504 	 0
505 	 0
506 	 0
507 	 1
508 	 1
509 	 0
510 	 0
511 	 0
512 	 0
513 	 0
514 	 0
515 	 0
516 	 0
517 	 0
518 	 0
519 	 0
520 	 0
521 	 1
522 	 0
523 	 0
524 	 0
525 	 0
526 	 0
527 	 0
528 	 0
529 	 0
530 	 0
531 	 0
532 	 0
533 	 0
534 	 0
535 	 0
536 	 0
537 	 0
538 	 0
539 	 0
540 	 0
541 	 0
542 	 0
543 	 0
544 	 0
545 	 1
546 	 0
547 	 0
548 	 0
549 	 1
550 	 0
551 	 0
552 	 0
553 	 0
554 	 0
555 	 0
556 	 0
557 	 0
558 	 1
559 	 0
560 	 0
561 	 0
562 	 0
563 	 0
564 	 0
565 	 0
566 	 0
567 	 0
568 	 0
569 	 0
570 	 1
571 	 0
572 	 0
573 	 0
574 	 0
575 	 0
576 	 0
577 	 0
578 	 0
579 	 0
580 	 0
581 	 0
582 	 0
583 	 0
584 	 0
585 	 0
586 	 1
587 	 0
588 	 1
589 	 0
590 	 1
591 	 0
592 	 0
593 	 0
594 	 1
595 	 0
596 	 0
597 	 1
598 	 0
599 	 1
600 	 0
601 	 0
602 	 1
603 	 0
604 	 0
605 	 0
606 	 2
607 	 0
608 	 0
609 	 1
610 	 0
611 	 1
612 	 0
613 	 0
614 	 0
615 	 0
616 	 0
617 	 0
618 	 1
619 	 1
620 	 0
621 	 0
622 	 0
623 	 0
624 	 0
625 	 0
626 	 0
627 	 0
628 	 1
629 	 0
630 	 0
631 	 0
632 	 0
633 	 2
634 	 0
635 	 1
636 	 0
637 	 0
638 	 0
639 	 0
640 	 0
641 	 0
642 	 0
643 	 0
644 	 0
645 	 0
646 	 0
647 	 0
648 	 0
649 	 0
650 	 0
651 	 0
652 	 0
653 	 0
654 	 0
655 	 0
656 	 1
657 	 0
658 	 0
659 	 0
660 	 0
661 	 0
662 	 0
663 	 0
664 	 0
665 	 0
666 	 0
667 	 0
668 	 0
669 	 0
670 	 0
671 	 0
672 	 0
673 	 0
674 	 0
675 	 0
676 	 0
677 	 0
678 	 0
679 	 0
680 	 0
681 	 0
682 	 0
683 	 0
684 	 0
685 	 0
686 	 0
687 	 0
688 	 0
689 	 0
690 	 0
691 	 0
692 	 0
693 	 0
694 	 0
695 	 0
696 	 0
697 	 0
698 	 0
699 	 0
700 	 0
701 	 0
702 	 0
703 	 0
704 	 0
705 	 0
706 	 0
707 	 0
708 	 0
709 	 0
710 	 0
711 	 1
712 	 1
713 	 0
714 	 0
715 	 0
716 	 0
717 	 0
718 	 0
719 	 0
720 	 0
721 	 0
722 	 0
723 	 0
724 	 0
725 	 0
726 	 0
727 	 0
728 	 0
729 	 0
730 	 0
731 	 0
732 	 0
733 	 0
734 	 0
735 	 0
736 	 0
737 	 0
738 	 0
739 	 0
740 	 0
741 	 1
742 	 0
743 	 0
744 	 0
745 	 1
746 	 0
747 	 0
748 	 0
749 	 0
750 	 0
751 	 0
752 	 0
753 	 0
754 	 0
755 	 0
756 	 0
757 	 0
758 	 0
759 	 0
760 	 0
761 	 0
762 	 0
763 	 1
764 	 0
765 	 0
766 	 0
767 	 0
768 	 0
769 	 0
770 	 0
771 	 0
772 	 0
773 	 0
774 	 0
775 	 0
776 	 0
777 	 0
778 	 0
779 	 0
780 	 0
781 	 0
782 	 0
783 	 0
784 	 0
785 	 0
786 	 0
787 	 0
788 	 0
789 	 0
790 	 0
791 	 0
792 	 1
793 	 0
794 	 0
795 	 0
796 	 0
797 	 0
798 	 0
799 	 0
800 	 0
801 	 0
802 	 0
803 	 0
804 	 0
805 	 0
806 	 0
807 	 0
808 	 0
809 	 0
810 	 0
811 	 0
812 	 0
813 	 0
814 	 0
815 	 0
816 	 0
817 	 0
818 	 0
819 	 0
820 	 1
821 	 0
822 	 0
823 	 0
824 	 0
825 	 0
826 	 0
827 	 0
828 	 0
829 	 0
830 	 0
831 	 0
832 	 0
833 	 0
834 	 0
835 	 0
836 	 0
837 	 0
838 	 0
839 	 0
840 	 0
841 	 0
842 	 0
843 	 0
844 	 0
845 	 0
846 	 0
847 	 0
848 	 0
849 	 0
850 	 0
851 	 0
852 	 0
853 	 0
854 	 0
855 	 0
856 	 0
857 	 0
858 	 0
859 	 0
860 	 0
861 	 0
862 	 0
863 	 0
864 	 0
865 	 0
866 	 0
867 	 0
868 	 0
869 	 0
870 	 0
871 	 0
872 	 0
873 	 0
874 	 0
875 	 0
876 	 0
877 	 0
878 	 0
879 	 0
880 	 0
881 	 0
882 	 0
883 	 0
884 	 0
885 	 1
886 	 0
887 	 0
888 	 0
889 	 0
890 	 0
891 	 0
892 	 0
893 	 0
894 	 0
895 	 0
896 	 0
897 	 0
898 	 0
899 	 0
900 	 0
901 	 0
902 	 0
903 	 0
904 	 0
905 	 0
906 	 0
907 	 0
908 	 0
909 	 0
910 	 0
911 	 0
912 	 0
913 	 0
914 	 0
915 	 0
916 	 0
917 	 0
918 	 0
919 	 0
920 	 0
921 	 0
922 	 0
923 	 0
924 	 0
925 	 0
926 	 0
927 	 0
928 	 0
929 	 0
930 	 0
931 	 0
932 	 0
933 	 0
934 	 0
935 	 0
936 	 0
937 	 0
938 	 0
939 	 0
940 	 0
941 	 0
942 	 0
943 	 0
944 	 0
945 	 0
946 	 0
947 	 0
948 	 0
949 	 0
950 	 0
951 	 0
952 	 0
953 	 0
954 	 0
955 	 0
956 	 0
957 	 0
958 	 0
959 	 0
960 	 0
961 	 0
962 	 0
963 	 0
964 	 0
965 	 0
966 	 0
967 	 0
968 	 0
969 	 0
970 	 0
971 	 0
972 	 0
973 	 0
974 	 0
975 	 0
976 	 0
977 	 0
978 	 0
979 	 0
980 	 0
981 	 0
982 	 0
983 	 0
984 	 0
985 	 0
986 	 0
987 	 0
988 	 0
989 	 0
990 	 0
991 	 0
992 	 0
993 	 0
994 	 0
995 	 0
996 	 0
997 	 0
998 	 0
999 	 0
1000 	 0
1001 	 0
1002 	 0
1003 	 0
1004 	 0
1005 	 0
1006 	 0
1007 	 0
1008 	 1
1009 	 0
1010 	 0
1011 	 0
1012 	 0
1013 	 0
1014 	 0
1015 	 0
1016 	 0
1017 	 0
1018 	 0
1019 	 0
1020 	 0
1021 	 0
1022 	 0
1023 	 0


# Energy calibration zero intercept, 0.0 for uncalibrated spectrum: 0.00000
# Energy calibration slope, 1.0 for uncalibrated spectrum: 0.00000
# Energy calibration quadratic term, 0.0 for uncalibrated spectrum: 0.00000
# Peak shape calibration zero intercept, 1.0 for uncalibrated spectrum: 1.00000
# Peak shape calibration slope, 0.0 for uncalibrated spectrum: 0.00000
# Peak shape calibration quadratic term, 0.0 for uncalibrated spectrum: 0.00000
# Detector description: 
# Sample description: 
