SpectrumName : C14.SPC
XUnit        : 
YUnit        : 
Length       : 1024
SubSpcNum    : 1
StartSubSpc  : 0
StopSubSpc   : 0
Comment      : 
Realtime     : 93.540
Livetime     : 93.330
Deadtime     : 0.210
FastChannel  : 9488
Starttime    : 31.12.1999 14:56:45
Stoptime     : 31.12.1999 14:58:19
CalibCoeff   : a=0.000000000E+000 b=0.000000000E+000 c=0.000000000E+000 d=0.000000000E+000
SpectrumText : 0 
0,0,0,0,0,0,0,0
1,1,3,10,10,19,17,13
22,13,14,17,21,14,15,11
17,11,21,13,18,18,18,20
18,25,16,26,18,19,29,24
25,28,26,22,28,20,24,18
25,29,32,49,31,38,35,30
37,40,38,23,31,30,24,31
27,38,34,30,30,35,40,36
30,44,25,30,39,30,25,33
44,28,40,29,43,32,19,30
33,32,41,32,28,28,23,28
41,29,37,30,19,26,30,27
26,29,32,24,23,35,22,28
20,28,28,31,17,30,36,30
20,33,25,34,34,26,20,34
29,30,24,19,26,27,34,28
26,34,35,28,27,25,28,20
22,20,18,21,18,20,23,23
21,22,22,26,31,21,17,18
29,19,27,27,22,26,17,21
17,22,21,27,16,21,26,19
18,18,19,24,29,25,31,25
22,24,21,25,23,24,21,27
22,15,20,17,17,22,15,19
24,25,16,19,13,11,12,18
18,18,13,10,16,10,11,14
10,7,9,6,9,15,9,6
12,5,10,9,8,10,9,5
11,10,8,12,10,12,8,9
11,7,3,13,6,11,3,4
10,10,3,11,12,9,13,16
14,6,17,6,14,11,19,20
25,16,19,30,33,44,41,58
63,68,70,90,93,97,106,128
115,143,135,136,148,167,160,160
153,146,152,137,117,102,101,71
94,76,60,42,33,22,26,21
26,13,14,7,4,4,6,1
2,2,2,0,0,0,2,2
1,0,1,2,1,2,1,2
3,1,0,0,1,1,0,2
0,1,1,2,1,3,1,0
1,1,0,1,1,0,0,1
1,1,0,0,0,0,1,1
1,1,1,0,1,0,1,3
1,2,1,0,0,3,1,2
1,1,2,1,1,0,1,0
2,1,0,0,0,1,3,0
0,1,1,0,0,0,0,0
2,0,0,0,2,0,0,1
1,0,0,0,0,0,1,1
1,1,0,0,0,1,3,1
0,1,1,1,0,0,1,0
0,0,0,3,1,1,0,0
4,0,0,1,1,1,0,1
1,1,1,0,0,0,1,2
0,1,0,1,0,0,0,0
0,1,1,0,0,2,0,0
0,1,0,1,0,0,1,0
0,0,1,0,0,0,0,1
1,1,1,0,1,0,1,0
0,1,0,0,2,0,0,0
0,1,1,1,0,1,0,0
0,1,1,0,1,1,1,0
0,0,0,1,0,1,0,1
0,0,1,0,0,0,0,0
0,1,0,0,0,1,0,0
0,0,0,0,0,0,0,1
1,0,0,1,1,0,0,0
1,0,0,0,0,0,0,1
0,1,1,0,0,0,1,0
0,0,0,2,0,0,0,0
0,0,0,0,0,1,0,0
0,0,0,0,1,2,1,0
1,2,0,1,1,0,1,0
2,1,2,0,0,0,1,1
0,0,2,1,1,0,2,0
2,0,0,0,1,2,0,0
0,0,0,0,1,0,0,0
0,1,0,0,0,0,1,2
0,0,0,1,0,0,1,1
0,0,0,0,0,0,0,0
0,0,0,0,0,1,0,0
0,0,0,0,1,0,0,0
0,0,0,0,0,0,0,0
0,1,0,1,0,0,0,0
0,0,0,0,0,0,0,0
0,0,0,0,0,0,0,0
0,0,0,0,0,0,1,0
0,0,0,1,0,0,0,0
0,0,0,0,0,0,0,0
0,0,0,0,0,0,0,0
0,0,0,0,0,0,0,0
0,0,2,0,0,0,1,0
0,0,0,0,0,0,0,0
0,0,0,0,0,0,0,0
0,0,1,1,0,0,0,0
0,0,0,0,1,0,0,0
0,0,0,0,0,0,0,0
0,1,0,0,0,0,0,0
0,0,0,0,0,0,0,0
0,0,0,0,0,0,0,0
0,0,0,0,0,0,0,0
0,0,0,0,0,0,0,0
0,0,0,0,1,0,0,0
0,0,0,0,1,1,0,0
0,0,0,0,0,0,0,0
1,1,0,0,0,0,0,0
0,0,0,0,0,0,0,0
0,0,0,0,0,0,0,0
0,0,0,0,0,0,0,0
0,0,0,0,0,0,0,0
0,0,0,0,0,0,0,0
0,1,0,0,0,0,0,0
0,0,0,0,0,0,0,0
0,0,0,0,0,0,0,0
0,0,0,1,0,0,0,0
0,0,0,0,0,0,0,0
0,0,0,0,0,0,0,0
0,0,0,0,0,0,0,0
0,0,0,0,0,0,0,0
0,0,0,0,0,0,0,0
0,0,0,0,0,0,0,0
0,0,0,0,0,0,0,0
0,0,0,0,0,0,0,0
0,0,0,0,0,0,0,0
1,0,0,0,0,0,0,0
