SpectrumName : C15.SPC
XUnit        : 
YUnit        : 
Length       : 1024
SubSpcNum    : 1
StartSubSpc  : 0
StopSubSpc   : 0
Comment      : 
Realtime     : 40.000
Livetime     : 39.910
Deadtime     : 0.090
FastChannel  : 3872
Starttime    : 31.12.1999 15:07:10
Stoptime     : 31.12.1999 15:07:50
CalibCoeff   : a=0.000000000E+000 b=0.000000000E+000 c=0.000000000E+000 d=0.000000000E+000
SpectrumText : 0 
0,0,0,0,0,0,0,0
0,0,1,1,6,5,5,7
7,5,6,7,9,5,10,4
9,5,7,5,5,9,8,7
9,6,11,9,9,9,6,6
10,6,12,12,7,13,13,11
11,12,14,11,11,10,11,15
15,9,12,8,7,8,7,8
25,7,17,12,13,13,13,11
15,9,16,20,10,15,12,14
20,12,8,20,14,14,13,10
20,13,15,9,11,3,14,11
13,11,9,11,12,13,12,19
10,7,16,7,12,13,9,9
13,14,11,7,10,11,9,12
7,7,3,11,11,9,10,11
9,12,12,14,8,13,9,12
8,10,11,8,8,7,13,8
15,5,10,8,5,13,11,9
10,17,10,10,9,10,10,15
8,7,9,5,14,9,12,12
8,9,6,15,10,8,14,10
10,10,14,17,12,8,8,7
16,11,9,7,9,10,7,11
11,15,9,8,14,5,4,5
9,9,7,4,5,4,10,5
7,3,2,5,4,2,7,11
7,4,8,4,4,4,4,7
2,1,5,2,4,5,4,1
3,0,0,3,3,5,2,3
2,4,3,0,3,2,4,1
7,1,2,3,6,2,3,8
2,6,6,6,2,4,2,9
9,12,13,12,10,15,24,25
30,32,27,33,37,35,46,61
52,51,75,57,72,44,71,66
65,64,52,50,51,43,29,32
29,38,30,14,21,16,11,13
8,4,2,3,3,4,2,3
1,0,0,0,0,1,0,1
0,0,1,1,2,0,0,0
0,2,0,0,1,0,0,0
0,0,0,1,0,0,0,0
0,2,1,2,1,1,2,0
0,3,1,1,0,2,0,0
1,1,0,0,0,0,0,0
1,0,1,0,1,1,1,1
0,0,0,0,1,0,0,0
0,0,0,2,0,0,0,0
1,0,0,0,0,2,1,0
0,1,0,2,0,0,1,1
0,1,1,0,1,1,0,0
0,0,0,1,0,1,0,0
0,0,0,0,0,0,0,0
0,1,0,0,1,0,0,0
0,0,0,0,0,1,1,0
0,0,0,0,0,0,0,0
1,0,1,0,0,0,0,0
1,0,0,0,0,0,0,0
0,0,0,0,0,0,0,0
0,0,1,0,2,0,0,0
0,1,0,0,1,0,0,1
0,0,0,0,2,1,0,0
1,0,0,0,1,0,1,1
0,0,0,0,0,0,1,0
0,0,0,0,0,0,0,0
0,0,0,0,0,0,0,0
0,0,0,0,0,1,0,0
0,0,1,0,0,0,0,0
0,0,0,0,0,0,0,0
0,1,0,1,0,0,0,0
0,0,0,0,0,0,0,0
0,0,0,0,0,0,0,1
0,1,1,0,1,0,0,0
0,1,0,0,0,0,0,0
0,1,2,0,1,0,0,0
1,1,1,0,0,0,0,0
0,1,0,0,0,0,0,0
0,1,0,0,0,1,1,0
0,1,0,0,0,1,0,0
1,0,0,0,0,0,0,0
0,0,0,0,0,0,0,0
0,0,0,0,0,1,0,0
0,0,0,0,0,0,0,0
0,0,0,0,0,0,0,0
0,0,0,0,0,0,0,0
0,0,0,0,0,0,0,0
0,0,0,0,0,0,0,0
0,0,0,0,0,0,0,0
0,0,0,0,0,0,0,0
0,0,0,0,0,0,0,0
0,0,0,0,0,0,0,0
0,0,0,0,0,0,0,0
1,0,0,1,0,0,0,0
0,0,0,0,0,0,0,0
0,0,0,0,0,0,0,0
0,0,0,0,0,0,1,0
0,0,0,0,0,0,0,0
0,0,1,0,0,0,0,0
0,0,0,0,0,0,0,0
0,0,0,0,0,0,0,0
0,0,0,0,0,0,0,0
0,0,0,0,0,0,0,0
1,0,0,0,0,0,0,1
0,0,0,0,0,0,0,0
0,0,0,0,0,0,0,0
0,0,0,0,0,0,0,0
0,1,0,0,0,0,0,0
0,0,0,0,0,0,0,0
0,0,0,0,0,0,0,0
0,0,0,0,0,0,0,0
0,0,0,0,0,0,0,0
0,0,0,0,0,0,0,0
0,0,0,0,0,0,0,0
0,0,0,0,0,0,0,0
0,0,0,0,0,0,0,0
0,0,0,0,0,0,0,0
0,0,0,0,0,0,0,0
0,0,0,0,0,0,0,0
0,0,0,0,0,0,1,0
0,0,0,0,0,0,0,0
0,0,0,0,0,0,0,0
0,0,0,0,0,0,0,0
0,0,0,0,0,0,0,0
0,0,0,0,0,0,0,0
0,0,0,0,0,0,0,0
0,0,0,0,0,0,0,0
0,0,0,0,0,0,0,0
