# Converted file from inputfile C15.CHN
# MCA number or Detector number: 1
# Segment number (set to 1 in UMCBI): 1
# ASCII seconds of start time: 12337
# Real Time (s): 40.0000
# Live Time (s) : 39.9000
# Start Date (DDMMMYY): 31DEC99
# Start time (HHMM): 1507
# Channel offset of data: 0
# Number of channels (length of data): 1024

# Data: 

0 	 0
1 	 0
2 	 0
3 	 0
4 	 0
5 	 0
6 	 0
7 	 0
8 	 0
9 	 0
10 	 1
11 	 1
12 	 6
13 	 5
14 	 5
15 	 7
16 	 7
17 	 5
18 	 6
19 	 7
20 	 9
21 	 5
22 	 10
23 	 4
24 	 9
25 	 5
26 	 7
27 	 5
28 	 5
29 	 9
30 	 8
31 	 7
32 	 9
33 	 6
34 	 11
35 	 9
36 	 9
37 	 9
38 	 6
39 	 6
40 	 10
41 	 6
42 	 12
43 	 12
44 	 7
45 	 13
46 	 13
47 	 11
48 	 11
49 	 12
50 	 14
51 	 11
52 	 11
53 	 10
54 	 11
55 	 15
56 	 15
57 	 9
58 	 12
59 	 8
60 	 7
61 	 8
62 	 7
63 	 8
64 	 25
65 	 7
66 	 17
67 	 12
68 	 13
69 	 13
70 	 13
71 	 11
72 	 15
73 	 9
74 	 16
75 	 20
76 	 10
77 	 15
78 	 12
79 	 14
80 	 20
81 	 12
82 	 8
83 	 20
84 	 14
85 	 14
86 	 13
87 	 10
88 	 20
89 	 13
90 	 15
91 	 9
92 	 11
93 	 3
94 	 14
95 	 11
96 	 13
97 	 11
98 	 9
99 	 11
100 	 12
101 	 13
102 	 12
103 	 19
104 	 10
105 	 7
106 	 16
107 	 7
108 	 12
109 	 13
110 	 9
111 	 9
112 	 13
113 	 14
114 	 11
115 	 7
116 	 10
117 	 11
118 	 9
119 	 12
120 	 7
121 	 7
122 	 3
123 	 11
124 	 11
125 	 9
126 	 10
127 	 11
128 	 9
129 	 12
130 	 12
131 	 14
132 	 8
133 	 13
134 	 9
135 	 12
136 	 8
137 	 10
138 	 11
139 	 8
140 	 8
141 	 7
142 	 13
143 	 8
144 	 15
145 	 5
146 	 10
147 	 8
148 	 5
149 	 13
150 	 11
151 	 9
152 	 10
153 	 17
154 	 10
155 	 10
156 	 9
157 	 10
158 	 10
159 	 15
160 	 8
161 	 7
162 	 9
163 	 5
164 	 14
165 	 9
166 	 12
167 	 12
168 	 8
169 	 9
170 	 6
171 	 15
172 	 10
173 	 8
174 	 14
175 	 10
176 	 10
177 	 10
178 	 14
179 	 17
180 	 12
181 	 8
182 	 8
183 	 7
184 	 16
185 	 11
186 	 9
187 	 7
188 	 9
189 	 10
190 	 7
191 	 11
192 	 11
193 	 15
194 	 9
195 	 8
196 	 14
197 	 5
198 	 4
199 	 5
200 	 9
201 	 9
202 	 7
203 	 4
204 	 5
205 	 4
206 	 10
207 	 5
208 	 7
209 	 3
210 	 2
211 	 5
212 	 4
213 	 2
214 	 7
215 	 11
216 	 7
217 	 4
218 	 8
219 	 4
220 	 4
221 	 4
222 	 4
223 	 7
224 	 2
225 	 1
226 	 5
227 	 2
228 	 4
229 	 5
230 	 4
231 	 1
232 	 3
233 	 0
234 	 0
235 	 3
236 	 3
237 	 5
238 	 2
239 	 3
240 	 2
241 	 4
242 	 3
243 	 0
244 	 3
245 	 2
246 	 4
247 	 1
248 	 7
249 	 1
250 	 2
251 	 3
252 	 6
253 	 2
254 	 3
255 	 8
256 	 2
257 	 6
258 	 6
259 	 6
260 	 2
261 	 4
262 	 2
263 	 9
264 	 9
265 	 12
266 	 13
267 	 12
268 	 10
269 	 15
270 	 24
271 	 25
272 	 30
273 	 32
274 	 27
275 	 33
276 	 37
277 	 35
278 	 46
279 	 61
280 	 52
281 	 51
282 	 75
283 	 57
284 	 72
285 	 44
286 	 71
287 	 66
288 	 65
289 	 64
290 	 52
291 	 50
292 	 51
293 	 43
294 	 29
295 	 32
296 	 29
297 	 38
298 	 30
299 	 14
300 	 21
301 	 16
302 	 11
303 	 13
304 	 8
305 	 4
306 	 2
307 	 3
308 	 3
309 	 4
310 	 2
311 	 3
312 	 1
313 	 0
314 	 0
315 	 0
316 	 0
317 	 1
318 	 0
319 	 1
320 	 0
321 	 0
322 	 1
323 	 1
324 	 2
325 	 0
326 	 0
327 	 0
328 	 0
329 	 2
330 	 0
331 	 0
332 	 1
333 	 0
334 	 0
335 	 0
336 	 0
337 	 0
338 	 0
339 	 1
340 	 0
341 	 0
342 	 0
343 	 0
344 	 0
345 	 2
346 	 1
347 	 2
348 	 1
349 	 1
350 	 2
351 	 0
352 	 0
353 	 3
354 	 1
355 	 1
356 	 0
357 	 2
358 	 0
359 	 0
360 	 1
361 	 1
362 	 0
363 	 0
364 	 0
365 	 0
366 	 0
367 	 0
368 	 1
369 	 0
370 	 1
371 	 0
372 	 1
373 	 1
374 	 1
375 	 1
376 	 0
377 	 0
378 	 0
379 	 0
380 	 1
381 	 0
382 	 0
383 	 0
384 	 0
385 	 0
386 	 0
387 	 2
388 	 0
389 	 0
390 	 0
391 	 0
392 	 1
393 	 0
394 	 0
395 	 0
396 	 0
397 	 2
398 	 1
399 	 0
400 	 0
401 	 1
402 	 0
403 	 2
404 	 0
405 	 0
406 	 1
407 	 1
408 	 0
409 	 1
410 	 1
411 	 0
412 	 1
413 	 1
414 	 0
415 	 0
416 	 0
417 	 0
418 	 0
419 	 1
420 	 0
421 	 1
422 	 0
423 	 0
424 	 0
425 	 0
426 	 0
427 	 0
428 	 0
429 	 0
430 	 0
431 	 0
432 	 0
433 	 1
434 	 0
435 	 0
436 	 1
437 	 0
438 	 0
439 	 0
440 	 0
441 	 0
442 	 0
443 	 0
444 	 0
445 	 1
446 	 1
447 	 0
448 	 0
449 	 0
450 	 0
451 	 0
452 	 0
453 	 0
454 	 0
455 	 0
456 	 1
457 	 0
458 	 1
459 	 0
460 	 0
461 	 0
462 	 0
463 	 0
464 	 1
465 	 0
466 	 0
467 	 0
468 	 0
469 	 0
470 	 0
471 	 0
472 	 0
473 	 0
474 	 0
475 	 0
476 	 0
477 	 0
478 	 0
479 	 0
480 	 0
481 	 0
482 	 1
483 	 0
484 	 2
485 	 0
486 	 0
487 	 0
488 	 0
489 	 1
490 	 0
491 	 0
492 	 1
493 	 0
494 	 0
495 	 1
496 	 0
497 	 0
498 	 0
499 	 0
500 	 2
501 	 1
502 	 0
503 	 0
504 	 1
505 	 0
506 	 0
507 	 0
508 	 1
509 	 0
510 	 1
511 	 1
512 	 0
513 	 0
514 	 0
515 	 0
516 	 0
517 	 0
518 	 1
519 	 0
520 	 0
521 	 0
522 	 0
523 	 0
524 	 0
525 	 0
526 	 0
527 	 0
528 	 0
529 	 0
530 	 0
531 	 0
532 	 0
533 	 0
534 	 0
535 	 0
536 	 0
537 	 0
538 	 0
539 	 0
540 	 0
541 	 1
542 	 0
543 	 0
544 	 0
545 	 0
546 	 1
547 	 0
548 	 0
549 	 0
550 	 0
551 	 0
552 	 0
553 	 0
554 	 0
555 	 0
556 	 0
557 	 0
558 	 0
559 	 0
560 	 0
561 	 1
562 	 0
563 	 1
564 	 0
565 	 0
566 	 0
567 	 0
568 	 0
569 	 0
570 	 0
571 	 0
572 	 0
573 	 0
574 	 0
575 	 0
576 	 0
577 	 0
578 	 0
579 	 0
580 	 0
581 	 0
582 	 0
583 	 1
584 	 0
585 	 1
586 	 1
587 	 0
588 	 1
589 	 0
590 	 0
591 	 0
592 	 0
593 	 1
594 	 0
595 	 0
596 	 0
597 	 0
598 	 0
599 	 0
600 	 0
601 	 1
602 	 2
603 	 0
604 	 1
605 	 0
606 	 0
607 	 0
608 	 1
609 	 1
610 	 1
611 	 0
612 	 0
613 	 0
614 	 0
615 	 0
616 	 0
617 	 1
618 	 0
619 	 0
620 	 0
621 	 0
622 	 0
623 	 0
624 	 0
625 	 1
626 	 0
627 	 0
628 	 0
629 	 1
630 	 1
631 	 0
632 	 0
633 	 1
634 	 0
635 	 0
636 	 0
637 	 1
638 	 0
639 	 0
640 	 1
641 	 0
642 	 0
643 	 0
644 	 0
645 	 0
646 	 0
647 	 0
648 	 0
649 	 0
650 	 0
651 	 0
652 	 0
653 	 0
654 	 0
655 	 0
656 	 0
657 	 0
658 	 0
659 	 0
660 	 0
661 	 1
662 	 0
663 	 0
664 	 0
665 	 0
666 	 0
667 	 0
668 	 0
669 	 0
670 	 0
671 	 0
672 	 0
673 	 0
674 	 0
675 	 0
676 	 0
677 	 0
678 	 0
679 	 0
680 	 0
681 	 0
682 	 0
683 	 0
684 	 0
685 	 0
686 	 0
687 	 0
688 	 0
689 	 0
690 	 0
691 	 0
692 	 0
693 	 0
694 	 0
695 	 0
696 	 0
697 	 0
698 	 0
699 	 0
700 	 0
701 	 0
702 	 0
703 	 0
704 	 0
705 	 0
706 	 0
707 	 0
708 	 0
709 	 0
710 	 0
711 	 0
712 	 0
713 	 0
714 	 0
715 	 0
716 	 0
717 	 0
718 	 0
719 	 0
720 	 0
721 	 0
722 	 0
723 	 0
724 	 0
725 	 0
726 	 0
727 	 0
728 	 0
729 	 0
730 	 0
731 	 0
732 	 0
733 	 0
734 	 0
735 	 0
736 	 0
737 	 0
738 	 0
739 	 0
740 	 0
741 	 0
742 	 0
743 	 0
744 	 1
745 	 0
746 	 0
747 	 1
748 	 0
749 	 0
750 	 0
751 	 0
752 	 0
753 	 0
754 	 0
755 	 0
756 	 0
757 	 0
758 	 0
759 	 0
760 	 0
761 	 0
762 	 0
763 	 0
764 	 0
765 	 0
766 	 0
767 	 0
768 	 0
769 	 0
770 	 0
771 	 0
772 	 0
773 	 0
774 	 1
775 	 0
776 	 0
777 	 0
778 	 0
779 	 0
780 	 0
781 	 0
782 	 0
783 	 0
784 	 0
785 	 0
786 	 1
787 	 0
788 	 0
789 	 0
790 	 0
791 	 0
792 	 0
793 	 0
794 	 0
795 	 0
796 	 0
797 	 0
798 	 0
799 	 0
800 	 0
801 	 0
802 	 0
803 	 0
804 	 0
805 	 0
806 	 0
807 	 0
808 	 0
809 	 0
810 	 0
811 	 0
812 	 0
813 	 0
814 	 0
815 	 0
816 	 0
817 	 0
818 	 0
819 	 0
820 	 0
821 	 0
822 	 0
823 	 0
824 	 1
825 	 0
826 	 0
827 	 0
828 	 0
829 	 0
830 	 0
831 	 1
832 	 0
833 	 0
834 	 0
835 	 0
836 	 0
837 	 0
838 	 0
839 	 0
840 	 0
841 	 0
842 	 0
843 	 0
844 	 0
845 	 0
846 	 0
847 	 0
848 	 0
849 	 0
850 	 0
851 	 0
852 	 0
853 	 0
854 	 0
855 	 0
856 	 0
857 	 1
858 	 0
859 	 0
860 	 0
861 	 0
862 	 0
863 	 0
864 	 0
865 	 0
866 	 0
867 	 0
868 	 0
869 	 0
870 	 0
871 	 0
872 	 0
873 	 0
874 	 0
875 	 0
876 	 0
877 	 0
878 	 0
879 	 0
880 	 0
881 	 0
882 	 0
883 	 0
884 	 0
885 	 0
886 	 0
887 	 0
888 	 0
889 	 0
890 	 0
891 	 0
892 	 0
893 	 0
894 	 0
895 	 0
896 	 0
897 	 0
898 	 0
899 	 0
900 	 0
901 	 0
902 	 0
903 	 0
904 	 0
905 	 0
906 	 0
907 	 0
908 	 0
909 	 0
910 	 0
911 	 0
912 	 0
913 	 0
914 	 0
915 	 0
916 	 0
917 	 0
918 	 0
919 	 0
920 	 0
921 	 0
922 	 0
923 	 0
924 	 0
925 	 0
926 	 0
927 	 0
928 	 0
929 	 0
930 	 0
931 	 0
932 	 0
933 	 0
934 	 0
935 	 0
936 	 0
937 	 0
938 	 0
939 	 0
940 	 0
941 	 0
942 	 0
943 	 0
944 	 0
945 	 0
946 	 0
947 	 0
948 	 0
949 	 0
950 	 0
951 	 0
952 	 0
953 	 0
954 	 0
955 	 0
956 	 0
957 	 0
958 	 1
959 	 0
960 	 0
961 	 0
962 	 0
963 	 0
964 	 0
965 	 0
966 	 0
967 	 0
968 	 0
969 	 0
970 	 0
971 	 0
972 	 0
973 	 0
974 	 0
975 	 0
976 	 0
977 	 0
978 	 0
979 	 0
980 	 0
981 	 0
982 	 0
983 	 0
984 	 0
985 	 0
986 	 0
987 	 0
988 	 0
989 	 0
990 	 0
991 	 0
992 	 0
993 	 0
994 	 0
995 	 0
996 	 0
997 	 0
998 	 0
999 	 0
1000 	 0
1001 	 0
1002 	 0
1003 	 0
1004 	 0
1005 	 0
1006 	 0
1007 	 0
1008 	 0
1009 	 0
1010 	 0
1011 	 0
1012 	 0
1013 	 0
1014 	 0
1015 	 0
1016 	 0
1017 	 0
1018 	 0
1019 	 0
1020 	 0
1021 	 0
1022 	 0
1023 	 0


# Energy calibration zero intercept, 0.0 for uncalibrated spectrum: 0.00000
# Energy calibration slope, 1.0 for uncalibrated spectrum: 0.00000
# Energy calibration quadratic term, 0.0 for uncalibrated spectrum: 0.00000
# Peak shape calibration zero intercept, 1.0 for uncalibrated spectrum: 1.00000
# Peak shape calibration slope, 0.0 for uncalibrated spectrum: 0.00000
# Peak shape calibration quadratic term, 0.0 for uncalibrated spectrum: 0.00000
# Detector description: 
# Sample description: 
