# Converted file from inputfile C16.CHN
# MCA number or Detector number: 1
# Segment number (set to 1 in UMCBI): 1
# ASCII seconds of start time: 13105
# Real Time (s): 57.6800
# Live Time (s) : 57.5400
# Start Date (DDMMMYY): 31DEC99
# Start time (HHMM): 1509
# Channel offset of data: 0
# Number of channels (length of data): 1024

# Data: 

0 	 0
1 	 0
2 	 0
3 	 0
4 	 0
5 	 0
6 	 0
7 	 0
8 	 0
9 	 0
10 	 5
11 	 7
12 	 9
13 	 7
14 	 9
15 	 12
16 	 10
17 	 8
18 	 4
19 	 10
20 	 16
21 	 11
22 	 16
23 	 13
24 	 11
25 	 7
26 	 20
27 	 7
28 	 14
29 	 19
30 	 19
31 	 16
32 	 10
33 	 14
34 	 11
35 	 13
36 	 13
37 	 7
38 	 18
39 	 11
40 	 25
41 	 15
42 	 16
43 	 14
44 	 19
45 	 24
46 	 17
47 	 23
48 	 19
49 	 29
50 	 24
51 	 9
52 	 15
53 	 22
54 	 22
55 	 16
56 	 12
57 	 30
58 	 26
59 	 19
60 	 18
61 	 17
62 	 17
63 	 15
64 	 22
65 	 29
66 	 26
67 	 15
68 	 18
69 	 21
70 	 18
71 	 20
72 	 23
73 	 28
74 	 19
75 	 16
76 	 19
77 	 26
78 	 28
79 	 21
80 	 23
81 	 19
82 	 19
83 	 20
84 	 22
85 	 17
86 	 20
87 	 29
88 	 13
89 	 25
90 	 16
91 	 18
92 	 17
93 	 16
94 	 29
95 	 26
96 	 21
97 	 21
98 	 16
99 	 18
100 	 23
101 	 13
102 	 24
103 	 15
104 	 17
105 	 21
106 	 20
107 	 23
108 	 18
109 	 18
110 	 11
111 	 19
112 	 19
113 	 13
114 	 10
115 	 13
116 	 17
117 	 15
118 	 9
119 	 12
120 	 14
121 	 13
122 	 28
123 	 16
124 	 14
125 	 14
126 	 20
127 	 15
128 	 15
129 	 18
130 	 12
131 	 11
132 	 12
133 	 23
134 	 20
135 	 25
136 	 23
137 	 15
138 	 26
139 	 11
140 	 10
141 	 16
142 	 11
143 	 11
144 	 13
145 	 19
146 	 20
147 	 19
148 	 20
149 	 13
150 	 16
151 	 21
152 	 11
153 	 15
154 	 10
155 	 21
156 	 12
157 	 15
158 	 12
159 	 9
160 	 14
161 	 13
162 	 24
163 	 14
164 	 20
165 	 10
166 	 11
167 	 9
168 	 22
169 	 15
170 	 19
171 	 12
172 	 14
173 	 20
174 	 17
175 	 12
176 	 14
177 	 14
178 	 21
179 	 19
180 	 10
181 	 16
182 	 18
183 	 12
184 	 25
185 	 18
186 	 12
187 	 18
188 	 15
189 	 15
190 	 13
191 	 22
192 	 13
193 	 15
194 	 13
195 	 14
196 	 21
197 	 13
198 	 13
199 	 18
200 	 9
201 	 10
202 	 14
203 	 11
204 	 11
205 	 10
206 	 12
207 	 10
208 	 10
209 	 9
210 	 12
211 	 3
212 	 9
213 	 5
214 	 5
215 	 3
216 	 10
217 	 11
218 	 5
219 	 8
220 	 6
221 	 2
222 	 9
223 	 4
224 	 8
225 	 3
226 	 7
227 	 2
228 	 5
229 	 2
230 	 4
231 	 3
232 	 5
233 	 5
234 	 8
235 	 5
236 	 2
237 	 10
238 	 6
239 	 4
240 	 13
241 	 2
242 	 7
243 	 3
244 	 9
245 	 4
246 	 9
247 	 5
248 	 7
249 	 3
250 	 6
251 	 5
252 	 4
253 	 6
254 	 12
255 	 8
256 	 6
257 	 6
258 	 3
259 	 5
260 	 12
261 	 4
262 	 7
263 	 10
264 	 14
265 	 19
266 	 18
267 	 24
268 	 18
269 	 18
270 	 19
271 	 30
272 	 33
273 	 39
274 	 52
275 	 55
276 	 69
277 	 67
278 	 87
279 	 83
280 	 93
281 	 76
282 	 86
283 	 103
284 	 94
285 	 94
286 	 94
287 	 93
288 	 94
289 	 90
290 	 90
291 	 89
292 	 73
293 	 68
294 	 65
295 	 55
296 	 53
297 	 41
298 	 35
299 	 37
300 	 21
301 	 29
302 	 20
303 	 17
304 	 15
305 	 8
306 	 12
307 	 1
308 	 2
309 	 5
310 	 2
311 	 1
312 	 0
313 	 1
314 	 0
315 	 0
316 	 1
317 	 0
318 	 0
319 	 1
320 	 0
321 	 0
322 	 0
323 	 2
324 	 1
325 	 1
326 	 2
327 	 1
328 	 0
329 	 0
330 	 1
331 	 0
332 	 2
333 	 0
334 	 0
335 	 1
336 	 0
337 	 0
338 	 0
339 	 0
340 	 1
341 	 0
342 	 1
343 	 0
344 	 0
345 	 1
346 	 1
347 	 1
348 	 0
349 	 0
350 	 2
351 	 0
352 	 1
353 	 0
354 	 0
355 	 0
356 	 0
357 	 0
358 	 2
359 	 1
360 	 1
361 	 1
362 	 1
363 	 0
364 	 1
365 	 0
366 	 1
367 	 0
368 	 1
369 	 2
370 	 2
371 	 0
372 	 0
373 	 0
374 	 1
375 	 0
376 	 1
377 	 1
378 	 0
379 	 1
380 	 2
381 	 0
382 	 3
383 	 1
384 	 0
385 	 0
386 	 2
387 	 1
388 	 1
389 	 0
390 	 0
391 	 0
392 	 2
393 	 0
394 	 0
395 	 1
396 	 0
397 	 0
398 	 1
399 	 1
400 	 0
401 	 0
402 	 0
403 	 0
404 	 1
405 	 0
406 	 1
407 	 1
408 	 0
409 	 0
410 	 0
411 	 0
412 	 1
413 	 0
414 	 1
415 	 0
416 	 1
417 	 0
418 	 0
419 	 0
420 	 0
421 	 1
422 	 1
423 	 0
424 	 0
425 	 0
426 	 0
427 	 0
428 	 0
429 	 0
430 	 0
431 	 0
432 	 0
433 	 0
434 	 0
435 	 0
436 	 0
437 	 0
438 	 1
439 	 0
440 	 0
441 	 0
442 	 0
443 	 0
444 	 1
445 	 0
446 	 0
447 	 1
448 	 0
449 	 1
450 	 0
451 	 0
452 	 1
453 	 0
454 	 1
455 	 0
456 	 1
457 	 0
458 	 0
459 	 1
460 	 0
461 	 0
462 	 0
463 	 1
464 	 0
465 	 0
466 	 0
467 	 0
468 	 0
469 	 0
470 	 1
471 	 0
472 	 0
473 	 0
474 	 0
475 	 1
476 	 0
477 	 0
478 	 1
479 	 0
480 	 1
481 	 0
482 	 0
483 	 0
484 	 0
485 	 1
486 	 0
487 	 0
488 	 2
489 	 0
490 	 0
491 	 2
492 	 1
493 	 0
494 	 1
495 	 0
496 	 0
497 	 1
498 	 1
499 	 0
500 	 0
501 	 0
502 	 0
503 	 1
504 	 0
505 	 0
506 	 1
507 	 1
508 	 0
509 	 1
510 	 0
511 	 0
512 	 0
513 	 0
514 	 0
515 	 0
516 	 1
517 	 0
518 	 0
519 	 0
520 	 0
521 	 0
522 	 0
523 	 0
524 	 0
525 	 0
526 	 1
527 	 0
528 	 1
529 	 1
530 	 0
531 	 1
532 	 1
533 	 0
534 	 1
535 	 0
536 	 0
537 	 0
538 	 2
539 	 0
540 	 0
541 	 0
542 	 0
543 	 1
544 	 1
545 	 0
546 	 0
547 	 0
548 	 1
549 	 0
550 	 0
551 	 0
552 	 0
553 	 0
554 	 0
555 	 0
556 	 0
557 	 0
558 	 0
559 	 0
560 	 0
561 	 0
562 	 0
563 	 0
564 	 1
565 	 0
566 	 0
567 	 0
568 	 0
569 	 0
570 	 0
571 	 0
572 	 0
573 	 0
574 	 0
575 	 0
576 	 0
577 	 0
578 	 0
579 	 0
580 	 0
581 	 1
582 	 0
583 	 0
584 	 0
585 	 0
586 	 0
587 	 0
588 	 0
589 	 0
590 	 1
591 	 2
592 	 0
593 	 1
594 	 1
595 	 0
596 	 3
597 	 0
598 	 1
599 	 0
600 	 0
601 	 0
602 	 1
603 	 1
604 	 0
605 	 1
606 	 1
607 	 0
608 	 2
609 	 1
610 	 0
611 	 1
612 	 0
613 	 0
614 	 0
615 	 0
616 	 1
617 	 0
618 	 0
619 	 1
620 	 0
621 	 0
622 	 2
623 	 0
624 	 0
625 	 0
626 	 2
627 	 2
628 	 0
629 	 1
630 	 0
631 	 1
632 	 0
633 	 0
634 	 0
635 	 0
636 	 0
637 	 0
638 	 0
639 	 0
640 	 0
641 	 0
642 	 0
643 	 0
644 	 0
645 	 0
646 	 0
647 	 0
648 	 0
649 	 0
650 	 0
651 	 0
652 	 0
653 	 0
654 	 0
655 	 0
656 	 0
657 	 0
658 	 0
659 	 0
660 	 0
661 	 0
662 	 0
663 	 0
664 	 1
665 	 0
666 	 0
667 	 0
668 	 0
669 	 0
670 	 0
671 	 0
672 	 0
673 	 0
674 	 0
675 	 0
676 	 0
677 	 0
678 	 0
679 	 0
680 	 0
681 	 0
682 	 0
683 	 1
684 	 0
685 	 0
686 	 0
687 	 0
688 	 1
689 	 0
690 	 0
691 	 0
692 	 0
693 	 0
694 	 0
695 	 1
696 	 0
697 	 0
698 	 0
699 	 0
700 	 0
701 	 0
702 	 0
703 	 0
704 	 0
705 	 0
706 	 1
707 	 1
708 	 0
709 	 0
710 	 0
711 	 0
712 	 0
713 	 0
714 	 0
715 	 0
716 	 0
717 	 0
718 	 1
719 	 0
720 	 0
721 	 0
722 	 0
723 	 0
724 	 0
725 	 0
726 	 0
727 	 0
728 	 0
729 	 0
730 	 0
731 	 0
732 	 0
733 	 0
734 	 0
735 	 0
736 	 1
737 	 0
738 	 0
739 	 0
740 	 0
741 	 0
742 	 0
743 	 0
744 	 0
745 	 0
746 	 1
747 	 0
748 	 0
749 	 0
750 	 0
751 	 0
752 	 1
753 	 0
754 	 0
755 	 0
756 	 0
757 	 0
758 	 0
759 	 0
760 	 0
761 	 0
762 	 1
763 	 0
764 	 0
765 	 0
766 	 0
767 	 0
768 	 0
769 	 0
770 	 0
771 	 0
772 	 0
773 	 0
774 	 0
775 	 0
776 	 0
777 	 1
778 	 0
779 	 0
780 	 0
781 	 0
782 	 0
783 	 0
784 	 0
785 	 0
786 	 0
787 	 0
788 	 0
789 	 0
790 	 0
791 	 0
792 	 0
793 	 0
794 	 0
795 	 0
796 	 0
797 	 0
798 	 0
799 	 0
800 	 0
801 	 0
802 	 0
803 	 0
804 	 0
805 	 0
806 	 0
807 	 0
808 	 0
809 	 0
810 	 0
811 	 0
812 	 0
813 	 0
814 	 0
815 	 0
816 	 1
817 	 0
818 	 0
819 	 0
820 	 0
821 	 0
822 	 0
823 	 0
824 	 0
825 	 0
826 	 0
827 	 0
828 	 0
829 	 0
830 	 0
831 	 0
832 	 0
833 	 0
834 	 0
835 	 1
836 	 0
837 	 0
838 	 0
839 	 0
840 	 0
841 	 0
842 	 0
843 	 0
844 	 0
845 	 0
846 	 0
847 	 0
848 	 0
849 	 0
850 	 1
851 	 0
852 	 0
853 	 0
854 	 0
855 	 1
856 	 1
857 	 0
858 	 0
859 	 0
860 	 0
861 	 0
862 	 0
863 	 0
864 	 1
865 	 0
866 	 0
867 	 0
868 	 0
869 	 0
870 	 1
871 	 1
872 	 0
873 	 0
874 	 0
875 	 0
876 	 0
877 	 0
878 	 0
879 	 0
880 	 0
881 	 0
882 	 0
883 	 1
884 	 0
885 	 0
886 	 0
887 	 0
888 	 0
889 	 1
890 	 0
891 	 0
892 	 0
893 	 0
894 	 0
895 	 0
896 	 0
897 	 0
898 	 0
899 	 0
900 	 0
901 	 0
902 	 0
903 	 0
904 	 0
905 	 0
906 	 0
907 	 0
908 	 0
909 	 0
910 	 0
911 	 0
912 	 0
913 	 0
914 	 0
915 	 0
916 	 0
917 	 0
918 	 0
919 	 0
920 	 0
921 	 0
922 	 0
923 	 0
924 	 0
925 	 0
926 	 0
927 	 0
928 	 0
929 	 0
930 	 0
931 	 0
932 	 0
933 	 0
934 	 0
935 	 0
936 	 0
937 	 0
938 	 0
939 	 0
940 	 0
941 	 0
942 	 0
943 	 0
944 	 0
945 	 0
946 	 0
947 	 0
948 	 0
949 	 0
950 	 0
951 	 0
952 	 0
953 	 0
954 	 0
955 	 0
956 	 0
957 	 0
958 	 0
959 	 0
960 	 0
961 	 0
962 	 0
963 	 0
964 	 0
965 	 0
966 	 0
967 	 0
968 	 0
969 	 0
970 	 0
971 	 0
972 	 0
973 	 1
974 	 0
975 	 0
976 	 0
977 	 0
978 	 1
979 	 0
980 	 0
981 	 0
982 	 0
983 	 0
984 	 0
985 	 0
986 	 0
987 	 0
988 	 0
989 	 0
990 	 0
991 	 0
992 	 0
993 	 0
994 	 0
995 	 0
996 	 0
997 	 0
998 	 0
999 	 0
1000 	 0
1001 	 0
1002 	 0
1003 	 0
1004 	 0
1005 	 0
1006 	 0
1007 	 0
1008 	 0
1009 	 0
1010 	 0
1011 	 0
1012 	 0
1013 	 0
1014 	 0
1015 	 0
1016 	 0
1017 	 0
1018 	 0
1019 	 0
1020 	 0
1021 	 0
1022 	 0
1023 	 0


# Energy calibration zero intercept, 0.0 for uncalibrated spectrum: 0.00000
# Energy calibration slope, 1.0 for uncalibrated spectrum: 0.00000
# Energy calibration quadratic term, 0.0 for uncalibrated spectrum: 0.00000
# Peak shape calibration zero intercept, 1.0 for uncalibrated spectrum: 1.00000
# Peak shape calibration slope, 0.0 for uncalibrated spectrum: 0.00000
# Peak shape calibration quadratic term, 0.0 for uncalibrated spectrum: 0.00000
# Detector description: 
# Sample description: 
