SpectrumName : C16.SPC
XUnit        : 
YUnit        : 
Length       : 1024
SubSpcNum    : 1
StartSubSpc  : 0
StopSubSpc   : 0
Comment      : 
Realtime     : 57.680
Livetime     : 57.540
Deadtime     : 0.140
FastChannel  : 6152
Starttime    : 31.12.1999 15:09:13
Stoptime     : 31.12.1999 15:10:11
CalibCoeff   : a=0.000000000E+000 b=0.000000000E+000 c=0.000000000E+000 d=0.000000000E+000
SpectrumText : 0 
0,0,0,0,0,0,0,0
0,0,5,7,9,7,9,12
10,8,4,10,16,11,16,13
11,7,20,7,14,19,19,16
10,14,11,13,13,7,18,11
25,15,16,14,19,24,17,23
19,29,24,9,15,22,22,16
12,30,26,19,18,17,17,15
22,29,26,15,18,21,18,20
23,28,19,16,19,26,28,21
23,19,19,20,22,17,20,29
13,25,16,18,17,16,29,26
21,21,16,18,23,13,24,15
17,21,20,23,18,18,11,19
19,13,10,13,17,15,9,12
14,13,28,16,14,14,20,15
15,18,12,11,12,23,20,25
23,15,26,11,10,16,11,11
13,19,20,19,20,13,16,21
11,15,10,21,12,15,12,9
14,13,24,14,20,10,11,9
22,15,19,12,14,20,17,12
14,14,21,19,10,16,18,12
25,18,12,18,15,15,13,22
13,15,13,14,21,13,13,18
9,10,14,11,11,10,12,10
10,9,12,3,9,5,5,3
10,11,5,8,6,2,9,4
8,3,7,2,5,2,4,3
5,5,8,5,2,10,6,4
13,2,7,3,9,4,9,5
7,3,6,5,4,6,12,8
6,6,3,5,12,4,7,10
14,19,18,24,18,18,19,30
33,39,52,55,69,67,87,83
93,76,86,103,94,94,94,93
94,90,90,89,73,68,65,55
53,41,35,37,21,29,20,17
15,8,12,1,2,5,2,1
0,1,0,0,1,0,0,1
0,0,0,2,1,1,2,1
0,0,1,0,2,0,0,1
0,0,0,0,1,0,1,0
0,1,1,1,0,0,2,0
1,0,0,0,0,0,2,1
1,1,1,0,1,0,1,0
1,2,2,0,0,0,1,0
1,1,0,1,2,0,3,1
0,0,2,1,1,0,0,0
2,0,0,1,0,0,1,1
0,0,0,0,1,0,1,1
0,0,0,0,1,0,1,0
1,0,0,0,0,1,1,0
0,0,0,0,0,0,0,0
0,0,0,0,0,0,1,0
0,0,0,0,1,0,0,1
0,1,0,0,1,0,1,0
1,0,0,1,0,0,0,1
0,0,0,0,0,0,1,0
0,0,0,1,0,0,1,0
1,0,0,0,0,1,0,0
2,0,0,2,1,0,1,0
0,1,1,0,0,0,0,1
0,0,1,1,0,1,0,0
0,0,0,0,1,0,0,0
0,0,0,0,0,0,1,0
1,1,0,1,1,0,1,0
0,0,2,0,0,0,0,1
1,0,0,0,1,0,0,0
0,0,0,0,0,0,0,0
0,0,0,0,1,0,0,0
0,0,0,0,0,0,0,0
0,0,0,0,0,1,0,0
0,0,0,0,0,0,1,2
0,1,1,0,3,0,1,0
0,0,1,1,0,1,1,0
2,1,0,1,0,0,0,0
1,0,0,1,0,0,2,0
0,0,2,2,0,1,0,1
0,0,0,0,0,0,0,0
0,0,0,0,0,0,0,0
0,0,0,0,0,0,0,0
0,0,0,0,0,0,0,0
1,0,0,0,0,0,0,0
0,0,0,0,0,0,0,0
0,0,0,1,0,0,0,0
1,0,0,0,0,0,0,1
0,0,0,0,0,0,0,0
0,0,1,1,0,0,0,0
0,0,0,0,0,0,1,0
0,0,0,0,0,0,0,0
0,0,0,0,0,0,0,0
1,0,0,0,0,0,0,0
0,0,1,0,0,0,0,0
1,0,0,0,0,0,0,0
0,0,1,0,0,0,0,0
0,0,0,0,0,0,0,0
0,1,0,0,0,0,0,0
0,0,0,0,0,0,0,0
0,0,0,0,0,0,0,0
0,0,0,0,0,0,0,0
0,0,0,0,0,0,0,0
1,0,0,0,0,0,0,0
0,0,0,0,0,0,0,0
0,0,0,1,0,0,0,0
0,0,0,0,0,0,0,0
0,0,1,0,0,0,0,1
1,0,0,0,0,0,0,0
1,0,0,0,0,0,1,1
0,0,0,0,0,0,0,0
0,0,0,1,0,0,0,0
0,1,0,0,0,0,0,0
0,0,0,0,0,0,0,0
0,0,0,0,0,0,0,0
0,0,0,0,0,0,0,0
0,0,0,0,0,0,0,0
0,0,0,0,0,0,0,0
0,0,0,0,0,0,0,0
0,0,0,0,0,0,0,0
0,0,0,0,0,0,0,0
0,0,0,0,0,0,0,0
0,0,0,0,0,1,0,0
0,0,1,0,0,0,0,0
0,0,0,0,0,0,0,0
0,0,0,0,0,0,0,0
0,0,0,0,0,0,0,0
0,0,0,0,0,0,0,0
0,0,0,0,0,0,0,0
