# Converted file from inputfile C17.CHN
# MCA number or Detector number: 1
# Segment number (set to 1 in UMCBI): 1
# ASCII seconds of start time: 13365
# Real Time (s): 29.2000
# Live Time (s) : 29.1400
# Start Date (DDMMMYY): 31DEC99
# Start time (HHMM): 1511
# Channel offset of data: 0
# Number of channels (length of data): 1024

# Data: 

0 	 0
1 	 0
2 	 0
3 	 0
4 	 0
5 	 0
6 	 0
7 	 0
8 	 1
9 	 2
10 	 3
11 	 2
12 	 3
13 	 6
14 	 1
15 	 8
16 	 9
17 	 8
18 	 7
19 	 5
20 	 7
21 	 6
22 	 6
23 	 5
24 	 6
25 	 8
26 	 1
27 	 12
28 	 9
29 	 9
30 	 11
31 	 2
32 	 8
33 	 3
34 	 7
35 	 8
36 	 13
37 	 11
38 	 13
39 	 11
40 	 9
41 	 12
42 	 13
43 	 12
44 	 9
45 	 11
46 	 7
47 	 11
48 	 14
49 	 10
50 	 11
51 	 11
52 	 10
53 	 12
54 	 10
55 	 16
56 	 8
57 	 9
58 	 10
59 	 6
60 	 5
61 	 8
62 	 16
63 	 15
64 	 9
65 	 12
66 	 10
67 	 15
68 	 17
69 	 9
70 	 11
71 	 15
72 	 15
73 	 9
74 	 10
75 	 8
76 	 12
77 	 9
78 	 14
79 	 8
80 	 10
81 	 14
82 	 8
83 	 15
84 	 11
85 	 6
86 	 12
87 	 13
88 	 9
89 	 9
90 	 9
91 	 5
92 	 10
93 	 11
94 	 8
95 	 6
96 	 9
97 	 12
98 	 11
99 	 7
100 	 17
101 	 9
102 	 13
103 	 8
104 	 9
105 	 14
106 	 12
107 	 9
108 	 11
109 	 10
110 	 11
111 	 13
112 	 10
113 	 7
114 	 11
115 	 10
116 	 17
117 	 11
118 	 13
119 	 12
120 	 9
121 	 10
122 	 9
123 	 11
124 	 9
125 	 5
126 	 6
127 	 15
128 	 9
129 	 10
130 	 10
131 	 8
132 	 7
133 	 7
134 	 7
135 	 8
136 	 9
137 	 8
138 	 4
139 	 9
140 	 5
141 	 11
142 	 7
143 	 5
144 	 12
145 	 15
146 	 5
147 	 6
148 	 12
149 	 9
150 	 9
151 	 8
152 	 10
153 	 5
154 	 8
155 	 17
156 	 8
157 	 8
158 	 10
159 	 3
160 	 11
161 	 9
162 	 9
163 	 8
164 	 5
165 	 9
166 	 12
167 	 11
168 	 9
169 	 5
170 	 12
171 	 17
172 	 5
173 	 9
174 	 5
175 	 8
176 	 12
177 	 7
178 	 11
179 	 7
180 	 6
181 	 4
182 	 11
183 	 10
184 	 10
185 	 9
186 	 8
187 	 12
188 	 9
189 	 6
190 	 11
191 	 8
192 	 8
193 	 8
194 	 8
195 	 8
196 	 10
197 	 7
198 	 8
199 	 9
200 	 6
201 	 7
202 	 2
203 	 5
204 	 5
205 	 4
206 	 3
207 	 6
208 	 2
209 	 7
210 	 4
211 	 8
212 	 3
213 	 4
214 	 4
215 	 6
216 	 7
217 	 5
218 	 5
219 	 4
220 	 0
221 	 6
222 	 4
223 	 3
224 	 1
225 	 0
226 	 5
227 	 2
228 	 5
229 	 2
230 	 1
231 	 4
232 	 3
233 	 0
234 	 2
235 	 3
236 	 3
237 	 2
238 	 3
239 	 5
240 	 0
241 	 6
242 	 4
243 	 1
244 	 3
245 	 0
246 	 7
247 	 3
248 	 5
249 	 1
250 	 3
251 	 4
252 	 5
253 	 3
254 	 5
255 	 2
256 	 2
257 	 1
258 	 9
259 	 3
260 	 1
261 	 4
262 	 10
263 	 8
264 	 8
265 	 8
266 	 8
267 	 10
268 	 16
269 	 20
270 	 21
271 	 18
272 	 27
273 	 29
274 	 25
275 	 33
276 	 39
277 	 48
278 	 38
279 	 31
280 	 37
281 	 47
282 	 59
283 	 51
284 	 44
285 	 60
286 	 54
287 	 54
288 	 58
289 	 61
290 	 38
291 	 50
292 	 41
293 	 32
294 	 44
295 	 40
296 	 37
297 	 24
298 	 24
299 	 19
300 	 9
301 	 12
302 	 20
303 	 9
304 	 11
305 	 10
306 	 5
307 	 2
308 	 2
309 	 1
310 	 1
311 	 3
312 	 1
313 	 0
314 	 0
315 	 0
316 	 2
317 	 0
318 	 0
319 	 1
320 	 0
321 	 0
322 	 0
323 	 0
324 	 0
325 	 0
326 	 0
327 	 0
328 	 0
329 	 0
330 	 0
331 	 0
332 	 0
333 	 0
334 	 0
335 	 1
336 	 0
337 	 1
338 	 1
339 	 0
340 	 2
341 	 0
342 	 0
343 	 0
344 	 0
345 	 0
346 	 0
347 	 1
348 	 0
349 	 0
350 	 0
351 	 0
352 	 0
353 	 0
354 	 0
355 	 0
356 	 0
357 	 0
358 	 0
359 	 0
360 	 0
361 	 1
362 	 0
363 	 0
364 	 0
365 	 0
366 	 0
367 	 0
368 	 0
369 	 0
370 	 1
371 	 0
372 	 0
373 	 0
374 	 0
375 	 0
376 	 0
377 	 0
378 	 1
379 	 0
380 	 0
381 	 0
382 	 0
383 	 0
384 	 0
385 	 0
386 	 0
387 	 1
388 	 0
389 	 0
390 	 0
391 	 0
392 	 0
393 	 0
394 	 0
395 	 0
396 	 0
397 	 0
398 	 0
399 	 1
400 	 0
401 	 0
402 	 0
403 	 0
404 	 0
405 	 0
406 	 1
407 	 0
408 	 0
409 	 0
410 	 0
411 	 0
412 	 0
413 	 0
414 	 0
415 	 1
416 	 0
417 	 0
418 	 0
419 	 1
420 	 0
421 	 0
422 	 1
423 	 1
424 	 0
425 	 1
426 	 0
427 	 1
428 	 0
429 	 0
430 	 0
431 	 0
432 	 0
433 	 0
434 	 0
435 	 0
436 	 0
437 	 1
438 	 0
439 	 0
440 	 0
441 	 0
442 	 1
443 	 0
444 	 0
445 	 0
446 	 1
447 	 0
448 	 0
449 	 0
450 	 0
451 	 0
452 	 0
453 	 0
454 	 0
455 	 0
456 	 0
457 	 0
458 	 0
459 	 0
460 	 0
461 	 0
462 	 0
463 	 0
464 	 1
465 	 1
466 	 0
467 	 0
468 	 0
469 	 1
470 	 0
471 	 1
472 	 0
473 	 0
474 	 0
475 	 0
476 	 0
477 	 0
478 	 0
479 	 0
480 	 0
481 	 1
482 	 0
483 	 1
484 	 0
485 	 1
486 	 1
487 	 0
488 	 0
489 	 0
490 	 0
491 	 0
492 	 0
493 	 0
494 	 0
495 	 0
496 	 0
497 	 0
498 	 0
499 	 0
500 	 0
501 	 1
502 	 0
503 	 1
504 	 0
505 	 0
506 	 0
507 	 1
508 	 0
509 	 0
510 	 0
511 	 0
512 	 0
513 	 0
514 	 0
515 	 0
516 	 0
517 	 0
518 	 0
519 	 0
520 	 0
521 	 0
522 	 0
523 	 1
524 	 0
525 	 0
526 	 0
527 	 0
528 	 0
529 	 0
530 	 0
531 	 0
532 	 0
533 	 0
534 	 0
535 	 0
536 	 1
537 	 0
538 	 0
539 	 0
540 	 0
541 	 0
542 	 1
543 	 1
544 	 0
545 	 1
546 	 0
547 	 0
548 	 0
549 	 0
550 	 0
551 	 0
552 	 0
553 	 0
554 	 0
555 	 0
556 	 0
557 	 0
558 	 0
559 	 0
560 	 0
561 	 0
562 	 0
563 	 0
564 	 0
565 	 0
566 	 0
567 	 0
568 	 0
569 	 0
570 	 0
571 	 0
572 	 0
573 	 0
574 	 0
575 	 0
576 	 0
577 	 0
578 	 0
579 	 0
580 	 1
581 	 1
582 	 0
583 	 0
584 	 0
585 	 0
586 	 0
587 	 0
588 	 0
589 	 0
590 	 1
591 	 0
592 	 0
593 	 0
594 	 0
595 	 0
596 	 0
597 	 0
598 	 1
599 	 1
600 	 0
601 	 2
602 	 0
603 	 1
604 	 0
605 	 0
606 	 0
607 	 0
608 	 1
609 	 0
610 	 1
611 	 1
612 	 1
613 	 1
614 	 0
615 	 0
616 	 0
617 	 0
618 	 0
619 	 0
620 	 1
621 	 0
622 	 0
623 	 0
624 	 0
625 	 0
626 	 0
627 	 0
628 	 0
629 	 0
630 	 0
631 	 0
632 	 0
633 	 0
634 	 1
635 	 0
636 	 1
637 	 0
638 	 0
639 	 0
640 	 0
641 	 0
642 	 0
643 	 0
644 	 0
645 	 0
646 	 0
647 	 0
648 	 0
649 	 0
650 	 0
651 	 0
652 	 0
653 	 0
654 	 0
655 	 0
656 	 1
657 	 0
658 	 0
659 	 0
660 	 1
661 	 0
662 	 0
663 	 0
664 	 0
665 	 0
666 	 0
667 	 0
668 	 0
669 	 0
670 	 0
671 	 0
672 	 0
673 	 0
674 	 0
675 	 0
676 	 0
677 	 0
678 	 0
679 	 0
680 	 0
681 	 0
682 	 0
683 	 0
684 	 0
685 	 0
686 	 0
687 	 0
688 	 0
689 	 0
690 	 0
691 	 0
692 	 0
693 	 0
694 	 0
695 	 0
696 	 0
697 	 0
698 	 0
699 	 0
700 	 0
701 	 0
702 	 0
703 	 0
704 	 0
705 	 0
706 	 0
707 	 1
708 	 0
709 	 0
710 	 0
711 	 0
712 	 0
713 	 0
714 	 0
715 	 0
716 	 0
717 	 0
718 	 0
719 	 0
720 	 0
721 	 0
722 	 0
723 	 0
724 	 0
725 	 0
726 	 0
727 	 0
728 	 1
729 	 0
730 	 0
731 	 0
732 	 0
733 	 0
734 	 0
735 	 0
736 	 0
737 	 0
738 	 0
739 	 0
740 	 0
741 	 0
742 	 0
743 	 0
744 	 0
745 	 0
746 	 0
747 	 0
748 	 0
749 	 0
750 	 0
751 	 0
752 	 0
753 	 0
754 	 0
755 	 0
756 	 0
757 	 0
758 	 0
759 	 0
760 	 0
761 	 0
762 	 1
763 	 0
764 	 0
765 	 0
766 	 0
767 	 0
768 	 0
769 	 0
770 	 0
771 	 0
772 	 0
773 	 0
774 	 0
775 	 0
776 	 0
777 	 0
778 	 0
779 	 0
780 	 0
781 	 0
782 	 0
783 	 0
784 	 0
785 	 0
786 	 1
787 	 0
788 	 0
789 	 0
790 	 0
791 	 0
792 	 0
793 	 0
794 	 0
795 	 0
796 	 0
797 	 0
798 	 0
799 	 0
800 	 0
801 	 0
802 	 0
803 	 0
804 	 0
805 	 0
806 	 0
807 	 0
808 	 0
809 	 0
810 	 0
811 	 0
812 	 0
813 	 0
814 	 0
815 	 0
816 	 0
817 	 0
818 	 0
819 	 0
820 	 0
821 	 0
822 	 0
823 	 0
824 	 0
825 	 0
826 	 0
827 	 0
828 	 0
829 	 0
830 	 0
831 	 0
832 	 0
833 	 0
834 	 0
835 	 0
836 	 0
837 	 0
838 	 0
839 	 0
840 	 0
841 	 0
842 	 0
843 	 0
844 	 0
845 	 0
846 	 0
847 	 0
848 	 0
849 	 0
850 	 0
851 	 0
852 	 0
853 	 0
854 	 0
855 	 0
856 	 0
857 	 0
858 	 0
859 	 0
860 	 0
861 	 0
862 	 0
863 	 0
864 	 0
865 	 0
866 	 0
867 	 0
868 	 0
869 	 0
870 	 0
871 	 0
872 	 0
873 	 0
874 	 0
875 	 0
876 	 0
877 	 0
878 	 0
879 	 0
880 	 0
881 	 0
882 	 0
883 	 0
884 	 0
885 	 0
886 	 0
887 	 0
888 	 0
889 	 0
890 	 0
891 	 0
892 	 0
893 	 0
894 	 0
895 	 0
896 	 0
897 	 0
898 	 0
899 	 0
900 	 0
901 	 0
902 	 0
903 	 0
904 	 0
905 	 0
906 	 0
907 	 0
908 	 0
909 	 0
910 	 0
911 	 0
912 	 0
913 	 0
914 	 0
915 	 0
916 	 0
917 	 0
918 	 0
919 	 0
920 	 0
921 	 0
922 	 0
923 	 0
924 	 0
925 	 0
926 	 0
927 	 0
928 	 0
929 	 0
930 	 0
931 	 0
932 	 0
933 	 0
934 	 0
935 	 1
936 	 0
937 	 0
938 	 0
939 	 0
940 	 0
941 	 0
942 	 0
943 	 0
944 	 0
945 	 0
946 	 0
947 	 0
948 	 0
949 	 0
950 	 0
951 	 0
952 	 0
953 	 0
954 	 0
955 	 0
956 	 0
957 	 0
958 	 0
959 	 0
960 	 0
961 	 0
962 	 0
963 	 0
964 	 0
965 	 0
966 	 0
967 	 0
968 	 0
969 	 0
970 	 0
971 	 0
972 	 0
973 	 0
974 	 0
975 	 0
976 	 0
977 	 0
978 	 1
979 	 0
980 	 0
981 	 0
982 	 0
983 	 0
984 	 0
985 	 0
986 	 0
987 	 0
988 	 0
989 	 0
990 	 0
991 	 0
992 	 0
993 	 0
994 	 1
995 	 0
996 	 0
997 	 0
998 	 0
999 	 0
1000 	 0
1001 	 0
1002 	 0
1003 	 0
1004 	 0
1005 	 0
1006 	 0
1007 	 0
1008 	 0
1009 	 0
1010 	 0
1011 	 0
1012 	 0
1013 	 0
1014 	 0
1015 	 0
1016 	 0
1017 	 0
1018 	 0
1019 	 0
1020 	 0
1021 	 0
1022 	 0
1023 	 0


# Energy calibration zero intercept, 0.0 for uncalibrated spectrum: 0.00000
# Energy calibration slope, 1.0 for uncalibrated spectrum: 0.00000
# Energy calibration quadratic term, 0.0 for uncalibrated spectrum: 0.00000
# Peak shape calibration zero intercept, 1.0 for uncalibrated spectrum: 1.00000
# Peak shape calibration slope, 0.0 for uncalibrated spectrum: 0.00000
# Peak shape calibration quadratic term, 0.0 for uncalibrated spectrum: 0.00000
# Detector description: 
# Sample description: 
