SpectrumName : C17.SPC
XUnit        : 
YUnit        : 
Length       : 1024
SubSpcNum    : 1
StartSubSpc  : 0
StopSubSpc   : 0
Comment      : 
Realtime     : 29.200
Livetime     : 29.150
Deadtime     : 0.050
FastChannel  : 3450
Starttime    : 31.12.1999 15:11:54
Stoptime     : 31.12.1999 15:12:23
CalibCoeff   : a=0.000000000E+000 b=0.000000000E+000 c=0.000000000E+000 d=0.000000000E+000
SpectrumText : 0 
0,0,0,0,0,0,0,0
1,2,3,2,3,6,1,8
9,8,7,5,7,6,6,5
6,8,1,12,9,9,11,2
8,3,7,8,13,11,13,11
9,12,13,12,9,11,7,11
14,10,11,11,10,12,10,16
8,9,10,6,5,8,16,15
9,12,10,15,17,9,11,15
15,9,10,8,12,9,14,8
10,14,8,15,11,6,12,13
9,9,9,5,10,11,8,6
9,12,11,7,17,9,13,8
9,14,12,9,11,10,11,13
10,7,11,10,17,11,13,12
9,10,9,11,9,5,6,15
9,10,10,8,7,7,7,8
9,8,4,9,5,11,7,5
12,15,5,6,12,9,9,8
10,5,8,17,8,8,10,3
11,9,9,8,5,9,12,11
9,5,12,17,5,9,5,8
12,7,11,7,6,4,11,10
10,9,8,12,9,6,11,8
8,8,8,8,10,7,8,9
6,7,2,5,5,4,3,6
2,7,4,8,3,4,4,6
7,5,5,4,0,6,4,3
1,0,5,2,5,2,1,4
3,0,2,3,3,2,3,5
0,6,4,1,3,0,7,3
5,1,3,4,5,3,5,2
2,1,9,3,1,4,10,8
8,8,8,10,16,20,21,18
27,29,25,33,39,48,38,31
37,47,59,51,44,60,54,54
58,61,38,50,41,32,44,40
37,24,24,19,9,12,20,9
11,10,5,2,2,1,1,3
1,0,0,0,2,0,0,1
0,0,0,0,0,0,0,0
0,0,0,0,0,0,0,1
0,1,1,0,2,0,0,0
0,0,0,1,0,0,0,0
0,0,0,0,0,0,0,0
0,1,0,0,0,0,0,0
0,0,1,0,0,0,0,0
0,0,1,0,0,0,0,0
0,0,0,1,0,0,0,0
0,0,0,0,0,0,0,1
0,0,0,0,0,0,1,0
0,0,0,0,0,0,0,1
0,0,0,1,0,0,1,1
0,1,0,1,0,0,0,0
0,0,0,0,0,1,0,0
0,0,1,0,0,0,1,0
0,0,0,0,0,0,0,0
0,0,0,0,0,0,0,0
1,1,0,0,0,1,0,1
0,0,0,0,0,0,0,0
0,1,0,1,0,1,1,0
0,0,0,0,0,0,0,0
0,0,0,0,0,1,0,1
0,0,0,1,0,0,0,0
0,0,0,0,0,0,0,0
0,0,0,1,0,0,0,0
0,0,0,0,0,0,0,0
1,0,0,0,0,0,1,1
0,1,0,0,0,0,0,0
0,0,0,0,0,0,0,0
0,0,0,0,0,0,0,0
0,0,0,0,0,0,0,0
0,0,0,0,1,1,0,0
0,0,0,0,0,0,1,0
0,0,0,0,0,0,1,1
0,2,0,1,0,0,0,0
1,0,1,1,1,1,0,0
0,0,0,0,1,0,0,0
0,0,0,0,0,0,0,0
0,0,1,0,1,0,0,0
0,0,0,0,0,0,0,0
0,0,0,0,0,0,0,0
1,0,0,0,1,0,0,0
0,0,0,0,0,0,0,0
0,0,0,0,0,0,0,0
0,0,0,0,0,0,0,0
0,0,0,0,0,0,0,0
0,0,0,0,0,0,0,0
0,0,0,1,0,0,0,0
0,0,0,0,0,0,0,0
0,0,0,0,0,0,0,0
1,0,0,0,0,0,0,0
0,0,0,0,0,0,0,0
0,0,0,0,0,0,0,0
0,0,0,0,0,0,0,0
0,0,1,0,0,0,0,0
0,0,0,0,0,0,0,0
0,0,0,0,0,0,0,0
0,0,1,0,0,0,0,0
0,0,0,0,0,0,0,0
0,0,0,0,0,0,0,0
0,0,0,0,0,0,0,0
0,0,0,0,0,0,0,0
0,0,0,0,0,0,0,0
0,0,0,0,0,0,0,0
0,0,0,0,0,0,0,0
0,0,0,0,0,0,0,0
0,0,0,0,0,0,0,0
0,0,0,0,0,0,0,0
0,0,0,0,0,0,0,0
0,0,0,0,0,0,0,0
0,0,0,0,0,0,0,0
0,0,0,0,0,0,0,0
0,0,0,0,0,0,0,0
0,0,0,0,0,0,0,0
0,0,0,0,0,0,0,0
0,0,0,0,0,0,0,1
0,0,0,0,0,0,0,0
0,0,0,0,0,0,0,0
0,0,0,0,0,0,0,0
0,0,0,0,0,0,0,0
0,0,0,0,0,0,0,0
0,0,1,0,0,0,0,0
0,0,0,0,0,0,0,0
0,0,1,0,0,0,0,0
0,0,0,0,0,0,0,0
0,0,0,0,0,0,0,0
0,0,0,0,0,0,0,0
