SpectrumName : C18.SPC
XUnit        : 
YUnit        : 
Length       : 1024
SubSpcNum    : 1
StartSubSpc  : 0
StopSubSpc   : 0
Comment      : 
Realtime     : 262.500
Livetime     : 261.610
Deadtime     : 0.890
FastChannel  : 17958
Starttime    : 31.12.1999 10:43:45
Stoptime     : 31.12.1999 10:50:35
CalibCoeff   : a=0.000000000E+000 b=0.000000000E+000 c=0.000000000E+000 d=0.000000000E+000
SpectrumText : 0 
0,0,0,0,0,0,0,0
2,7,6,24,22,24,28,22
26,33,31,44,29,43,44,32
32,32,36,26,40,25,45,36
51,40,41,49,43,56,44,55
35,47,61,56,43,51,40,58
59,69,63,54,65,60,75,63
73,67,72,68,85,71,70,73
72,68,73,67,83,74,79,65
60,90,74,61,81,86,58,78
71,88,73,66,63,77,69,62
74,76,62,58,75,67,54,55
53,49,64,53,49,70,54,48
58,62,51,63,53,67,49,49
49,57,57,53,48,67,49,65
45,60,52,49,47,44,50,52
55,49,46,55,45,54,46,43
54,33,33,50,54,42,52,56
50,59,45,43,40,50,43,49
51,49,48,45,54,30,45,32
37,51,43,44,36,35,46,41
45,39,33,44,45,55,34,43
38,36,54,31,39,28,44,36
49,33,46,40,44,47,42,37
38,41,38,35,30,34,40,26
28,33,32,29,22,31,27,23
29,29,23,18,32,30,25,24
24,17,27,19,18,14,23,16
20,18,18,13,17,14,19,27
16,12,14,11,20,20,13,24
12,14,12,16,12,14,20,17
15,21,15,16,17,19,21,13
13,21,22,24,19,31,28,48
40,31,53,62,74,70,97,90
117,132,130,144,190,162,201,185
201,225,210,269,256,248,281,249
233,215,215,204,177,154,157,146
110,78,105,69,57,45,30,32
30,20,11,19,9,6,6,4
6,2,4,1,4,2,2,2
3,6,4,1,1,3,1,2
5,2,1,6,6,1,1,4
2,3,3,4,5,1,0,3
5,0,4,0,2,5,2,0
1,6,2,1,3,1,1,2
0,2,0,2,1,3,2,3
1,5,2,1,3,2,2,4
1,1,3,0,0,0,1,1
1,3,4,1,2,4,2,2
3,0,3,1,1,3,4,0
3,4,2,3,2,4,4,0
3,3,1,1,4,1,0,0
4,0,5,1,1,1,1,3
1,2,2,2,2,4,1,0
0,1,2,1,4,3,3,1
2,2,2,0,1,2,3,3
1,0,1,2,2,0,1,1
2,0,1,1,1,1,3,1
1,3,1,1,2,1,0,0
0,2,1,1,1,1,1,2
2,2,1,1,1,0,1,1
0,1,3,2,0,2,1,2
2,0,3,0,0,0,3,1
5,1,1,1,3,4,2,1
0,0,3,1,1,0,0,1
1,3,1,1,1,1,0,0
0,2,1,1,2,1,1,2
3,0,1,1,1,1,1,4
0,0,3,0,2,1,1,2
0,2,3,1,0,0,1,2
1,4,0,2,2,1,2,1
0,1,0,1,1,0,0,2
1,0,1,1,2,0,1,0
1,1,1,0,2,4,1,1
0,3,1,1,3,1,2,2
1,1,2,0,2,2,3,2
3,3,1,4,1,0,2,0
2,5,1,3,0,4,2,3
2,0,2,2,2,2,1,1
1,2,3,1,0,1,1,0
1,0,0,0,1,1,2,0
1,0,1,0,2,0,0,1
0,0,0,0,0,1,1,1
0,0,0,2,1,1,0,0
1,0,0,0,3,0,2,1
0,0,0,0,0,0,0,0
2,1,0,0,1,2,1,0
0,1,0,0,2,0,0,1
0,1,1,1,0,0,1,0
0,0,0,1,1,0,1,0
0,0,0,1,1,0,0,0
0,2,0,1,0,0,0,2
1,0,0,0,0,0,0,0
0,0,0,0,0,0,0,2
0,1,0,0,0,0,1,0
0,0,1,0,0,0,0,0
0,0,0,0,1,0,0,0
0,0,0,0,0,1,0,0
0,1,0,0,0,0,0,0
1,0,0,0,0,1,0,0
0,0,0,0,1,0,0,0
0,0,0,0,0,0,0,2
1,1,0,0,1,0,0,0
1,0,1,0,1,0,0,2
1,0,0,0,0,0,0,0
0,1,0,0,1,0,0,0
0,0,0,0,0,0,0,1
0,0,0,0,0,2,0,0
1,0,0,0,0,0,1,1
0,0,0,0,0,0,0,0
0,0,0,0,0,0,0,0
0,0,1,0,0,0,0,0
2,0,1,0,0,0,0,0
0,0,2,0,0,0,0,1
0,0,0,0,0,0,0,1
0,0,0,1,0,0,0,0
0,1,0,0,1,0,0,0
0,1,0,0,0,1,0,0
0,0,1,0,0,1,0,0
0,0,0,0,0,0,0,0
0,0,0,0,1,0,1,0
1,1,0,0,0,0,0,0
0,0,0,1,1,1,0,0
0,0,1,0,0,0,0,0
0,0,0,0,0,0,0,0
0,0,0,0,0,0,0,1
0,0,0,0,0,0,0,1
0,0,0,0,0,0,0,0
