SpectrumName : C19.SPC
XUnit        : 
YUnit        : 
Length       : 1024
SubSpcNum    : 1
StartSubSpc  : 0
StopSubSpc   : 0
Comment      : 
Realtime     : 37.840
Livetime     : 37.680
Deadtime     : 0.160
FastChannel  : 4320
Starttime    : 31.12.1999 15:13:26
Stoptime     : 31.12.1999 15:14:04
CalibCoeff   : a=0.000000000E+000 b=0.000000000E+000 c=0.000000000E+000 d=0.000000000E+000
SpectrumText : 0 
0,0,0,0,0,0,0,0
1,0,7,10,1,6,4,5
8,6,9,8,14,9,9,4
11,6,12,4,9,14,4,7
8,5,6,13,3,13,14,6
10,19,8,15,15,4,12,19
12,11,11,8,14,16,14,17
23,12,17,16,14,23,16,6
17,13,13,17,16,13,8,9
13,12,10,15,15,12,20,16
16,18,12,14,6,17,12,18
19,14,20,13,13,18,15,8
14,9,16,13,15,10,8,16
17,7,13,13,12,12,10,20
9,16,10,8,13,13,22,13
7,14,9,9,15,10,9,10
14,13,15,13,11,10,19,11
14,12,9,7,7,9,6,12
13,11,11,11,10,10,11,12
11,4,10,9,8,17,10,12
12,14,11,10,5,10,11,10
9,7,7,14,11,10,8,7
6,9,6,10,14,13,7,13
11,9,3,12,16,12,9,14
11,16,9,7,4,7,15,5
7,10,9,3,4,15,11,10
3,4,8,4,1,2,4,3
5,8,6,2,6,4,6,4
7,6,1,5,3,5,0,3
3,3,3,2,2,4,2,1
1,7,7,1,3,3,9,4
5,8,2,1,6,3,5,5
8,8,3,3,7,8,6,4
9,13,14,13,19,15,24,26
25,38,28,38,45,46,59,58
58,61,63,62,76,70,77,62
75,64,49,61,53,53,36,48
29,29,27,27,21,18,13,8
7,6,9,3,3,3,0,4
0,1,0,1,2,1,0,0
0,0,0,1,1,0,0,0
0,0,1,0,0,1,1,0
0,0,1,1,0,1,1,1
1,0,0,0,0,0,0,0
1,0,1,0,2,0,0,0
1,0,2,0,0,1,1,0
0,0,1,0,0,1,1,0
0,0,1,1,0,1,1,0
2,0,0,1,0,0,0,2
0,0,0,1,1,0,0,1
1,1,0,0,0,0,1,0
2,1,0,0,0,0,0,1
2,0,1,4,0,0,0,0
0,0,0,1,0,0,0,0
0,0,0,0,0,0,0,0
1,1,0,0,1,1,0,0
1,0,0,1,0,1,0,0
0,0,0,0,1,0,0,0
0,1,0,0,0,1,0,0
1,1,0,2,0,0,0,0
0,1,0,0,0,0,0,0
1,0,0,0,0,0,0,0
0,1,0,0,0,0,1,0
1,0,0,0,0,0,0,0
0,2,0,0,0,0,1,1
0,0,0,0,0,0,0,0
0,0,0,0,0,1,0,0
0,0,0,0,0,0,0,0
0,0,0,0,0,0,0,0
0,1,0,0,2,1,0,0
2,0,0,0,0,0,0,0
0,0,0,0,0,0,0,0
0,0,0,0,0,0,0,0
0,0,0,0,0,0,0,0
0,0,0,0,1,0,0,0
0,0,1,0,0,0,0,0
1,0,0,1,0,0,2,0
2,2,0,1,0,0,0,0
0,1,1,0,0,0,1,0
0,0,1,0,0,0,0,0
0,0,0,0,0,0,0,0
0,0,0,0,0,0,0,0
0,0,0,0,0,0,0,0
0,0,0,0,0,0,0,0
0,0,0,0,0,0,0,0
1,0,0,0,0,1,0,0
0,0,0,0,0,1,0,0
0,0,0,0,0,0,0,0
0,0,0,0,0,0,0,0
0,0,0,0,0,0,0,0
0,0,0,0,0,0,0,0
0,0,0,0,0,0,0,0
1,0,0,0,0,0,0,0
0,0,0,0,0,0,0,0
0,0,0,0,0,0,0,0
0,0,0,0,1,0,0,0
1,0,0,0,0,0,0,0
0,0,0,0,0,0,0,1
0,0,0,0,0,0,0,0
0,0,0,0,0,0,0,0
0,0,0,0,0,0,0,0
0,0,0,0,0,0,0,0
0,0,0,0,0,0,0,0
0,0,0,0,1,0,0,0
0,0,0,0,0,0,0,0
0,0,0,0,0,0,0,0
0,0,0,0,0,0,0,0
0,0,0,0,0,0,0,0
0,0,0,0,0,0,0,0
0,0,0,0,0,0,0,0
0,0,0,0,0,0,0,0
0,0,0,0,0,0,0,0
0,0,0,0,0,0,0,0
0,0,0,0,0,0,0,1
0,0,0,0,0,0,0,0
0,0,0,0,0,0,0,0
0,0,0,0,0,0,0,0
0,0,0,0,0,0,0,0
0,0,0,0,0,0,0,0
0,0,0,0,0,0,0,0
0,0,0,0,0,0,0,0
1,0,0,0,0,0,0,0
0,0,0,0,0,0,0,0
0,0,0,0,0,0,0,0
0,0,0,0,0,0,0,0
0,0,0,0,0,0,0,0
0,0,0,0,0,0,0,0
0,0,0,0,0,0,0,0
