SpectrumName : C21.SPC
XUnit        : 
YUnit        : 
Length       : 1024
SubSpcNum    : 1
StartSubSpc  : 0
StopSubSpc   : 0
Comment      : 
Realtime     : 94.390
Livetime     : 94.150
Deadtime     : 0.240
FastChannel  : 4868
Starttime    : 31.12.1999 15:33:17
Stoptime     : 31.12.1999 15:34:52
CalibCoeff   : a=0.000000000E+000 b=0.000000000E+000 c=0.000000000E+000 d=0.000000000E+000
SpectrumText : 0 
0,0,0,0,0,0,0,0
0,0,1,4,6,5,3,6
6,9,7,9,9,9,5,7
8,19,10,14,14,11,14,12
12,13,13,12,15,20,12,12
12,15,15,16,20,16,25,21
15,11,21,30,20,30,20,25
13,22,16,22,14,17,31,18
23,17,25,23,14,29,28,21
22,28,31,14,21,27,28,23
29,15,16,14,23,18,32,19
23,16,25,19,21,17,17,19
23,17,22,18,18,20,18,17
16,17,16,13,16,20,15,21
21,17,11,14,17,15,10,17
16,16,12,15,12,13,10,10
12,20,17,15,11,15,16,9
14,11,14,11,16,16,13,10
13,9,17,8,16,14,10,12
10,8,17,15,11,9,12,8
12,13,8,12,15,12,14,7
11,12,10,13,4,10,7,9
14,10,15,21,10,9,10,9
14,4,11,7,10,8,10,12
14,15,11,7,8,12,3,9
12,13,6,9,7,9,5,8
6,4,8,7,4,7,3,5
5,6,5,8,2,5,5,3
4,4,5,4,5,7,3,4
7,4,6,4,6,7,7,1
7,6,5,8,12,5,0,3
3,5,6,6,13,9,4,2
6,4,4,8,8,9,7,9
8,7,18,8,22,16,22,21
23,22,35,36,35,39,48,39
52,51,44,51,49,50,50,49
65,60,41,49,41,43,33,25
23,26,19,17,15,17,6,12
5,9,3,1,2,4,3,1
4,1,1,2,2,0,1,3
0,0,2,1,2,0,4,1
0,0,0,0,0,2,2,4
1,0,1,0,0,0,0,0
1,2,0,0,0,0,2,1
1,0,0,1,0,2,1,1
1,0,0,1,1,0,0,1
1,1,0,0,1,0,2,2
0,0,0,2,2,0,1,1
0,1,1,0,2,5,0,0
1,0,3,1,1,1,0,1
0,2,0,0,2,0,2,0
3,1,2,0,2,0,0,0
0,2,2,1,0,0,0,2
1,2,0,0,0,1,0,0
1,1,0,0,2,0,1,2
0,0,1,1,0,0,0,1
1,0,0,1,1,0,1,0
1,1,1,1,1,0,1,1
0,0,1,0,2,0,0,1
0,0,0,0,2,0,0,0
1,1,1,0,0,1,0,2
1,1,1,0,1,1,0,1
0,0,0,1,0,1,0,1
0,1,1,0,1,1,1,0
0,0,0,1,1,0,0,0
0,0,1,0,0,0,0,0
1,0,1,1,0,0,0,1
1,0,0,0,2,0,0,1
1,0,0,0,0,0,0,0
1,0,0,1,0,0,0,0
0,0,0,0,0,0,1,0
0,1,0,0,0,0,0,0
0,0,0,0,0,0,0,0
0,1,0,0,0,0,1,0
0,0,1,1,1,1,0,1
2,0,0,0,1,0,1,1
1,0,1,2,2,1,0,0
0,1,0,0,0,1,0,1
0,2,2,0,1,1,0,0
1,0,1,1,0,0,0,1
0,0,0,0,0,0,0,0
0,0,1,1,0,0,0,0
1,1,0,0,1,0,0,0
0,0,0,1,0,0,0,0
0,0,1,1,0,0,0,0
0,0,0,0,0,0,0,0
0,2,0,0,1,0,0,0
0,1,0,0,0,1,0,0
0,1,0,0,1,0,0,0
0,0,0,0,1,1,0,0
0,1,0,0,0,0,0,0
0,0,1,0,0,0,1,0
0,0,0,0,0,0,0,1
0,0,0,0,0,0,0,0
1,0,1,0,0,0,0,0
0,0,0,0,1,0,0,1
1,0,0,0,1,0,0,0
0,0,0,0,0,0,0,0
0,0,1,0,0,0,0,0
0,0,0,0,0,0,0,0
0,0,0,0,0,0,0,0
0,0,0,0,0,0,0,0
0,0,0,0,0,0,0,1
0,0,0,0,0,0,0,0
0,0,0,0,0,0,0,0
0,0,1,0,0,0,0,0
0,0,0,0,0,0,0,1
0,0,0,0,0,1,0,0
0,0,0,0,1,0,0,0
1,1,0,0,0,0,0,0
0,0,1,0,0,0,0,0
0,0,0,0,1,0,0,0
0,0,0,0,0,0,0,0
0,0,0,0,1,0,0,0
1,0,1,1,0,0,0,1
0,0,0,0,0,0,0,0
0,0,0,0,0,1,0,0
0,0,0,0,0,0,0,0
0,0,1,0,0,0,0,0
1,0,0,0,0,0,1,0
0,0,0,0,0,0,0,1
0,0,0,0,0,0,0,0
0,0,0,0,0,0,0,1
0,0,0,0,0,0,0,0
0,0,0,2,0,0,0,0
0,0,0,0,0,0,0,0
0,0,0,0,0,0,0,0
0,0,0,0,0,0,0,0
