SpectrumName : C210.SPC
XUnit        : 
YUnit        : 
Length       : 1024
SubSpcNum    : 1
StartSubSpc  : 0
StopSubSpc   : 0
Comment      : 
Realtime     : 152.830
Livetime     : 152.200
Deadtime     : 0.630
FastChannel  : 5950
Starttime    : 31.12.1999 15:51:08
Stoptime     : 31.12.1999 15:53:41
CalibCoeff   : a=0.000000000E+000 b=0.000000000E+000 c=0.000000000E+000 d=0.000000000E+000
SpectrumText : 0 
0,0,0,0,0,0,0,0
1,0,4,7,9,4,10,17
6,9,6,8,16,9,13,17
14,11,10,12,9,15,10,18
17,10,18,15,15,13,19,13
14,19,13,15,16,24,22,24
34,27,27,23,21,18,23,29
25,21,30,38,34,31,31,25
30,29,26,27,35,35,26,28
37,29,34,27,22,30,32,25
33,25,19,28,19,32,30,22
33,33,25,33,24,26,29,34
23,27,26,23,26,22,33,26
29,26,17,25,22,19,34,25
23,23,24,17,25,14,13,13
15,15,18,12,18,22,22,20
13,18,17,11,17,19,18,13
14,18,9,13,10,21,19,13
16,19,13,12,12,17,15,11
19,17,14,8,14,19,17,9
14,19,12,8,12,11,9,25
13,17,10,16,15,11,10,8
16,12,13,10,11,18,8,12
16,15,11,12,11,10,13,13
12,8,9,10,9,11,16,9
8,9,6,8,6,7,8,12
9,8,6,7,6,6,4,8
10,8,6,4,6,6,8,4
7,4,6,8,7,6,6,6
3,3,6,2,10,5,8,1
2,5,7,2,2,6,7,5
3,5,5,3,5,5,4,5
8,4,5,5,8,10,16,9
6,7,23,16,18,21,24,24
19,40,30,40,48,41,50,57
45,62,54,77,62,57,53,62
61,41,53,45,37,36,33,27
36,20,18,16,12,13,10,12
9,1,3,8,3,4,3,2
2,3,4,3,3,3,2,3
2,3,4,0,1,1,1,1
1,2,1,2,2,2,2,3
0,0,1,2,1,0,1,1
2,1,1,2,3,0,0,0
5,3,1,2,1,3,2,1
2,1,1,1,1,0,0,2
0,1,2,2,2,4,1,3
1,1,0,0,1,2,2,0
2,1,0,1,0,0,4,1
1,1,2,1,0,1,0,2
2,1,1,1,1,1,0,0
5,0,1,1,0,3,1,1
3,1,1,3,1,1,0,1
1,0,1,3,4,3,1,1
2,2,1,0,2,1,0,0
0,1,1,2,1,1,2,0
0,0,0,1,1,0,1,3
0,1,3,2,0,0,1,0
1,0,2,1,2,1,0,0
0,0,1,1,0,0,1,1
3,1,1,2,1,0,1,2
2,1,1,0,1,0,1,2
0,2,0,1,0,0,0,3
0,1,0,1,0,2,3,1
0,0,2,2,0,3,0,1
0,0,1,1,0,0,0,1
1,0,0,1,0,1,2,3
0,1,0,0,0,3,1,0
1,0,0,1,0,0,0,3
0,2,0,1,0,1,0,0
0,1,0,0,0,0,1,2
1,0,0,0,0,1,2,0
1,0,0,0,1,1,0,0
0,0,0,1,0,0,0,2
0,1,1,2,3,0,0,1
4,2,1,0,1,0,1,0
1,0,4,0,0,2,2,2
2,1,1,0,1,2,1,0
0,0,1,1,0,0,0,2
1,0,0,0,0,0,1,0
0,1,1,2,0,0,0,0
0,0,0,0,1,0,1,0
0,1,0,1,1,0,0,0
1,0,0,0,0,1,0,0
0,1,0,0,1,0,0,0
0,0,0,0,0,0,0,0
0,0,0,0,0,0,0,0
0,1,0,0,0,0,0,0
0,0,0,0,1,0,0,0
0,0,0,0,0,0,1,1
2,0,1,0,0,0,1,0
0,0,0,1,0,0,1,0
0,0,0,1,0,0,0,0
0,0,0,0,3,0,0,0
0,0,0,0,0,0,0,0
1,0,0,0,0,1,1,0
0,0,0,1,0,0,0,0
0,0,0,0,0,0,0,0
0,1,0,0,0,0,1,0
0,0,0,0,0,0,0,0
0,1,0,0,0,0,0,1
0,0,0,0,0,0,0,0
1,0,0,0,0,0,0,0
0,0,0,0,0,0,0,0
0,0,0,0,0,0,0,1
0,0,0,0,0,0,0,0
0,0,0,0,0,0,0,0
0,0,0,0,0,0,0,0
0,1,0,0,0,0,0,1
0,0,0,0,0,0,1,0
0,0,0,0,0,1,0,1
0,0,0,0,0,0,0,1
0,0,0,0,1,0,1,0
0,0,0,0,0,0,0,0
0,0,0,0,0,1,1,0
0,1,0,0,0,1,0,0
0,0,0,0,0,0,0,0
0,0,0,0,0,0,0,0
0,0,0,0,0,0,0,0
0,0,0,0,0,0,0,0
0,0,0,0,0,0,0,0
0,0,0,0,0,0,1,0
0,0,0,0,0,0,0,0
0,0,0,0,0,0,0,0
0,0,0,0,0,0,0,0
0,0,0,0,0,0,0,0
0,0,0,0,0,0,0,0
0,0,0,0,1,0,0,0
