SpectrumName : C211.SPC
XUnit        : 
YUnit        : 
Length       : 1024
SubSpcNum    : 1
StartSubSpc  : 0
StopSubSpc   : 0
Comment      : 
Realtime     : 417.270
Livetime     : 415.340
Deadtime     : 1.930
FastChannel  : 11270
Starttime    : 31.12.1999 15:43:07
Stoptime     : 31.12.1999 15:50:04
CalibCoeff   : a=0.000000000E+000 b=0.000000000E+000 c=0.000000000E+000 d=0.000000000E+000
SpectrumText : 0 
0,1,0,0,0,0,0,0
0,1,4,12,13,14,23,17
18,17,26,25,29,21,26,26
24,21,35,22,26,16,22,22
31,24,29,36,32,36,37,28
42,46,43,46,44,51,50,55
45,57,57,60,59,63,83,60
63,81,63,73,85,77,54,76
62,73,68,79,65,78,65,81
66,72,62,66,62,75,68,64
52,50,64,73,59,63,65,66
55,64,49,63,48,52,54,55
58,48,66,75,53,50,47,44
47,50,46,43,46,57,51,53
49,49,53,52,31,40,40,44
30,32,23,41,39,33,29,34
25,36,39,38,35,23,34,35
37,27,33,29,27,31,29,23
38,29,32,20,41,23,37,26
25,24,30,23,27,28,25,17
21,18,13,19,25,24,23,25
24,39,26,15,13,19,25,21
15,14,19,24,21,25,26,17
19,21,25,16,16,15,23,20
22,12,29,21,17,16,16,10
16,18,12,15,11,10,15,13
16,15,12,10,17,8,12,12
12,17,5,15,19,14,11,15
14,13,13,6,6,10,14,8
17,12,9,13,16,17,13,10
4,9,8,8,11,12,10,9
14,12,15,6,17,9,9,13
7,10,7,8,12,15,14,15
9,25,21,22,16,19,10,30
38,31,31,41,47,47,32,63
50,59,53,44,66,42,69,59
45,51,55,45,47,44,37,17
26,24,30,25,18,18,7,15
4,8,9,6,8,5,6,4
2,9,7,6,6,3,4,3
5,5,7,5,4,5,8,3
3,1,4,6,1,4,5,4
6,2,7,3,4,4,5,7
4,3,4,0,3,3,2,3
5,4,2,4,1,6,3,1
4,2,2,6,3,4,5,5
1,1,3,3,3,3,5,3
2,1,5,4,4,5,4,9
3,3,1,4,3,2,6,6
3,2,4,5,5,5,5,1
3,5,3,3,2,4,3,2
6,3,4,3,1,4,5,2
4,2,4,3,0,2,3,3
1,6,2,2,3,5,3,5
8,2,0,3,2,3,2,2
2,2,1,4,1,3,3,1
6,1,4,4,1,1,6,2
2,4,1,3,6,1,2,1
3,1,4,2,5,4,3,3
5,5,4,1,4,4,3,4
1,2,4,2,1,3,3,2
2,2,0,2,1,3,3,2
4,2,3,4,3,2,2,1
3,0,2,2,2,2,1,3
1,1,1,2,1,3,3,2
1,1,0,2,1,4,0,2
2,1,2,1,0,3,2,1
1,1,2,2,1,2,5,2
0,2,6,3,2,0,0,3
1,0,2,0,1,0,1,2
1,0,0,1,1,2,2,2
0,2,2,0,0,1,1,1
1,1,2,1,3,2,5,5
1,2,4,1,1,1,2,3
3,3,1,3,5,1,3,2
1,3,4,4,3,0,3,3
8,3,8,6,5,2,5,1
3,3,1,7,3,1,0,3
5,2,3,2,1,2,3,0
1,2,3,1,0,0,2,1
1,1,0,1,1,1,2,0
0,0,1,0,0,0,1,0
0,1,0,1,1,0,0,0
1,0,3,1,0,0,1,1
1,0,0,1,0,1,0,3
1,2,0,0,1,2,0,1
0,1,0,0,0,0,0,0
0,2,0,0,0,1,1,0
0,1,0,0,2,0,0,1
0,2,1,0,1,0,0,0
1,0,0,0,0,0,0,2
1,1,0,2,2,1,1,1
1,0,2,0,1,1,0,0
1,0,2,0,1,0,0,0
0,0,0,0,0,2,0,2
1,0,0,0,1,1,0,1
0,0,0,0,0,0,0,1
1,1,1,0,0,0,0,0
0,0,0,0,0,1,0,0
1,0,1,0,0,1,1,0
0,1,0,0,0,1,0,0
1,2,0,0,0,1,1,1
0,0,0,0,1,0,0,0
0,1,0,0,0,1,1,0
0,1,0,0,0,1,0,0
0,0,0,1,1,0,0,0
1,0,0,0,0,0,1,0
0,0,1,1,0,0,0,0
0,0,0,0,1,1,1,0
1,0,0,0,1,0,0,0
1,0,0,0,0,2,0,1
0,0,1,2,0,0,0,0
0,0,1,0,0,1,1,0
0,0,0,0,1,0,1,1
0,0,0,1,2,0,0,0
0,0,0,1,0,0,1,0
0,0,0,0,0,1,0,0
0,0,1,2,0,0,0,0
1,0,0,1,0,0,0,0
0,0,1,0,1,1,0,0
0,0,0,0,0,0,1,0
1,1,0,0,0,1,0,0
0,0,0,0,0,0,0,0
0,0,0,0,0,0,0,0
0,0,0,0,0,0,0,0
0,0,0,1,0,0,0,0
0,0,0,0,0,0,1,0
0,0,0,1,0,0,0,0
