SpectrumName : C212.SPC
XUnit        : 
YUnit        : 
Length       : 1024
SubSpcNum    : 1
StartSubSpc  : 0
StopSubSpc   : 0
Comment      : 
Realtime     : 176.250
Livetime     : 175.040
Deadtime     : 1.210
FastChannel  : 8160
Starttime    : 31.12.1999 15:39:33
Stoptime     : 31.12.1999 15:42:29
CalibCoeff   : a=0.000000000E+000 b=0.000000000E+000 c=0.000000000E+000 d=0.000000000E+000
SpectrumText : 0 
0,0,0,0,0,0,0,0
0,1,3,7,9,13,9,16
21,16,8,14,11,19,9,5
18,13,17,24,23,15,17,8
18,19,18,13,24,28,26,25
27,31,29,24,26,26,34,33
20,36,39,40,37,32,41,38
36,34,38,38,30,34,47,35
40,33,31,34,30,41,37,30
28,40,39,35,38,36,40,21
43,30,32,34,37,37,30,40
34,29,39,43,24,37,34,37
28,33,38,38,32,29,25,30
32,44,22,29,25,34,36,29
27,28,19,19,26,28,24,29
27,30,23,30,31,23,30,18
25,16,18,16,23,18,20,28
24,23,22,18,20,18,17,12
26,24,17,20,32,14,19,20
20,9,19,10,29,23,22,12
21,23,23,19,20,13,18,20
19,13,13,14,28,12,18,15
21,23,13,21,19,15,15,18
16,12,19,14,15,17,14,17
23,23,9,10,12,15,13,17
13,6,9,15,12,7,12,14
13,9,5,6,7,10,13,11
9,7,5,11,11,3,7,4
8,4,13,4,7,14,9,9
9,6,7,6,4,4,8,6
6,7,4,9,9,7,8,5
6,12,9,10,9,7,7,10
7,12,6,9,9,5,13,18
14,16,12,22,20,23,29,50
55,30,52,56,63,60,76,82
71,69,92,85,87,83,95,79
82,89,86,84,72,83,56,55
41,35,45,37,31,23,18,11
15,9,7,5,3,4,2,2
2,5,2,1,3,3,0,1
1,4,4,0,0,3,2,2
1,0,0,1,3,2,2,0
1,0,3,3,2,3,0,2
3,2,1,1,4,2,2,4
1,3,1,1,3,0,1,1
1,3,2,2,1,0,0,1
2,2,2,0,3,3,2,3
0,2,0,1,1,2,1,1
3,3,0,2,3,1,0,1
1,1,1,2,0,1,1,1
0,1,0,2,3,1,1,0
3,2,1,2,1,1,2,4
3,2,1,2,0,0,2,1
2,3,0,0,1,0,1,1
0,4,1,1,0,1,1,2
2,1,0,0,1,0,0,2
1,0,0,2,1,1,1,0
2,1,0,1,0,1,0,1
1,1,1,2,3,1,0,0
0,1,2,1,0,2,0,1
1,1,0,2,2,1,1,0
1,0,0,0,1,2,0,2
0,1,2,0,0,1,3,1
4,0,3,0,0,0,0,1
0,2,0,1,1,0,0,1
1,3,0,1,2,1,1,0
1,1,0,1,1,1,0,0
0,1,1,1,2,0,1,0
0,0,0,3,1,2,0,0
0,0,1,0,0,0,1,0
0,0,0,1,0,1,0,0
0,3,2,1,1,0,0,3
0,2,0,1,1,1,0,0
1,1,0,1,2,0,2,2
1,1,0,2,1,1,0,3
1,0,2,2,1,0,1,1
3,2,2,2,1,1,1,1
0,0,1,1,0,1,1,0
2,0,0,2,0,1,1,0
1,0,0,1,0,0,0,0
0,0,0,0,0,0,0,0
0,0,0,0,0,0,0,0
0,0,0,1,0,2,0,0
1,2,0,0,0,0,0,0
1,0,0,0,1,1,0,0
0,0,0,1,1,0,1,0
0,0,0,0,0,0,0,0
0,0,0,0,0,0,0,0
0,0,0,0,0,1,0,0
0,0,2,0,0,0,0,0
0,0,0,1,1,1,0,0
0,0,0,1,0,0,0,0
0,0,0,0,0,0,1,0
1,1,0,1,0,0,0,0
0,2,0,1,0,1,0,0
0,0,0,1,0,0,0,0
0,0,2,0,0,0,0,0
0,0,1,0,0,0,0,0
0,0,0,0,0,0,0,0
1,1,0,0,0,0,0,0
0,0,0,0,0,0,0,0
0,1,0,0,0,0,0,0
0,2,0,1,1,0,0,0
1,0,1,0,0,0,0,0
0,0,0,0,0,0,0,0
0,0,0,0,0,0,0,0
0,0,0,1,0,0,0,0
0,0,0,0,0,0,0,0
0,0,0,0,0,0,1,0
0,1,0,0,0,0,0,0
1,0,1,1,0,0,0,0
0,0,0,0,0,0,0,0
0,0,0,0,1,0,0,0
0,0,0,0,1,0,0,0
0,0,0,0,0,0,0,0
0,1,0,0,0,0,0,0
0,0,0,0,0,0,0,0
0,0,0,0,0,0,0,1
1,0,0,0,0,0,0,1
0,0,0,0,0,0,0,0
0,1,0,1,0,0,0,0
0,1,0,1,1,0,0,0
0,0,0,0,0,0,0,0
0,0,0,0,0,0,0,0
0,0,0,0,0,0,0,0
0,0,0,0,0,0,0,0
0,0,0,0,0,0,0,0
0,0,0,0,0,0,0,0
