SpectrumName : C22.SPC
XUnit        : 
YUnit        : 
Length       : 1024
SubSpcNum    : 1
StartSubSpc  : 0
StopSubSpc   : 0
Comment      : 
Realtime     : 196.600
Livetime     : 195.640
Deadtime     : 0.960
FastChannel  : 7000
Starttime    : 31.12.1999 10:58:17
Stoptime     : 31.12.1999 11:01:33
CalibCoeff   : a=0.000000000E+000 b=0.000000000E+000 c=0.000000000E+000 d=0.000000000E+000
SpectrumText : 0 
0,0,0,0,0,0,0,0
0,1,6,5,11,7,5,6
8,16,13,16,19,19,16,14
14,11,22,16,15,12,12,12
17,21,10,22,22,24,19,29
15,22,27,30,24,25,32,30
38,30,27,32,25,34,34,29
33,31,48,33,39,35,52,43
36,38,31,31,34,40,33,32
35,42,39,38,43,35,34,43
31,41,38,37,28,33,33,35
28,37,35,21,43,28,30,44
28,26,34,28,23,22,23,24
28,24,27,23,28,17,29,25
25,31,16,17,26,18,26,23
19,24,25,16,15,22,22,26
20,29,19,19,10,21,16,19
17,30,25,14,19,26,18,28
19,11,14,24,22,17,21,12
17,16,24,20,17,15,18,12
24,11,18,23,14,20,17,10
19,15,6,15,8,13,11,15
18,12,12,15,13,21,15,15
23,7,14,18,15,12,14,12
11,15,17,10,9,9,8,11
20,8,10,6,7,8,8,8
7,12,7,5,5,8,7,7
14,10,3,6,5,3,7,10
3,9,5,3,2,8,8,7
6,10,5,5,8,5,3,2
8,10,5,7,3,7,5,5
5,7,10,6,13,4,8,8
4,9,8,16,6,5,8,13
11,14,16,14,20,8,28,22
27,37,20,48,37,60,46,52
56,65,69,77,61,67,57,68
69,76,50,43,38,38,46,23
32,16,21,12,12,11,13,7
10,4,1,5,4,6,6,4
4,1,5,1,4,4,2,2
2,3,2,1,1,1,3,3
2,2,3,1,0,2,1,2
2,2,4,1,1,0,5,1
3,1,1,4,2,2,0,1
1,3,3,5,5,3,1,2
0,2,6,2,2,3,1,2
1,0,4,2,1,0,2,1
3,2,2,0,5,4,1,2
2,2,3,1,0,1,2,0
4,2,1,0,1,0,1,1
1,0,3,0,1,2,1,0
0,0,5,2,0,0,2,2
4,1,2,3,1,1,3,2
1,0,1,1,4,1,0,2
0,0,0,0,1,2,1,2
2,0,1,0,1,0,1,0
1,0,3,3,3,4,0,1
1,0,1,1,0,3,3,1
1,2,3,1,2,2,0,1
0,1,0,0,4,1,0,2
1,0,0,0,2,2,0,0
2,2,0,1,1,0,0,1
1,1,1,0,1,2,1,1
2,1,0,0,1,1,2,1
1,1,1,0,1,3,0,3
0,1,0,0,1,1,1,0
0,0,0,1,1,0,0,1
0,1,0,1,1,0,2,1
0,0,2,0,0,0,0,0
0,1,1,1,1,0,0,1
0,5,0,0,0,1,0,0
1,1,0,1,1,0,1,0
1,0,0,2,0,2,0,0
1,2,0,1,0,1,2,1
1,1,1,2,1,1,0,2
1,0,2,1,1,3,2,1
0,0,1,1,4,0,1,1
0,3,1,3,1,2,0,1
0,0,3,0,0,1,1,1
1,0,1,1,0,1,0,0
1,0,0,1,2,0,0,1
0,1,0,1,0,0,0,1
0,0,0,0,0,0,1,0
1,2,2,0,0,1,0,0
0,0,0,0,0,0,0,1
0,0,1,0,0,0,0,1
0,0,1,0,0,0,0,0
0,1,0,0,0,0,0,0
1,0,0,0,0,0,0,0
0,0,1,0,0,0,1,0
0,1,0,0,1,0,0,1
0,0,0,1,0,1,0,0
0,0,1,1,0,0,0,0
1,0,0,1,0,0,1,0
0,0,0,0,0,1,0,1
1,0,0,0,1,0,0,0
0,0,0,1,0,1,0,0
0,0,0,1,0,0,1,0
0,0,0,1,0,0,0,0
0,0,0,0,1,0,0,0
0,0,0,0,0,0,1,0
0,0,0,0,0,0,0,0
1,0,0,0,0,0,0,0
0,0,0,0,0,1,0,0
1,0,0,0,0,0,0,1
0,0,0,0,0,0,1,0
0,0,0,0,0,1,0,0
0,0,1,1,0,0,0,0
0,1,0,0,0,0,0,0
0,0,0,0,0,0,0,1
0,0,2,0,0,0,1,0
0,0,0,1,0,0,1,0
1,0,0,0,1,0,0,0
0,0,0,2,0,0,0,0
0,0,0,0,1,0,0,0
0,0,0,0,0,1,0,0
0,0,0,0,0,0,0,0
1,0,0,0,0,0,0,0
0,0,0,0,0,0,0,1
0,0,0,0,0,0,0,0
0,0,0,0,0,1,1,0
0,0,0,0,1,0,0,0
0,0,0,0,0,0,0,0
0,0,0,0,0,0,0,0
0,0,0,0,0,0,0,0
0,0,0,0,0,0,0,0
0,0,1,0,0,0,0,0
0,0,0,0,0,0,0,0
