SpectrumName : C23.SPC
XUnit        : 
YUnit        : 
Length       : 1024
SubSpcNum    : 1
StartSubSpc  : 0
StopSubSpc   : 0
Comment      : 
Realtime     : 148.130
Livetime     : 147.610
Deadtime     : 0.520
FastChannel  : 5876
Starttime    : 31.12.1999 15:35:52
Stoptime     : 31.12.1999 15:38:21
CalibCoeff   : a=0.000000000E+000 b=0.000000000E+000 c=0.000000000E+000 d=0.000000000E+000
SpectrumText : 0 
0,0,0,0,0,0,0,0
1,0,6,5,7,7,8,9
10,12,13,12,10,17,14,13
10,9,14,11,16,16,13,11
9,10,12,16,25,10,13,20
22,31,19,18,29,19,15,27
30,27,23,25,30,32,22,26
30,20,24,24,33,32,25,32
26,24,28,39,34,31,33,21
33,29,23,31,25,29,41,29
26,22,20,29,29,31,34,29
26,25,32,19,39,30,35,33
17,25,20,20,19,20,22,31
27,19,31,23,23,14,11,27
14,19,21,15,21,17,25,24
15,16,21,9,16,22,14,19
25,12,10,22,15,15,14,18
19,21,18,16,15,16,9,24
15,15,18,19,14,15,20,10
22,15,16,17,12,8,14,12
10,12,13,16,11,8,9,8
8,16,16,17,15,11,11,13
13,16,7,11,15,10,23,7
12,11,8,9,16,12,11,9
14,11,9,16,7,8,7,13
11,8,5,7,11,4,6,7
10,8,10,6,9,9,3,5
4,6,6,7,8,3,1,5
11,7,9,10,9,5,12,6
5,4,8,8,7,7,6,5
4,6,10,8,2,5,2,7
3,7,9,2,6,11,4,13
8,4,10,6,11,6,6,5
9,19,10,16,22,18,20,29
24,27,26,33,35,41,44,54
55,52,57,48,54,61,43,45
46,39,54,48,41,41,31,27
21,22,15,18,19,11,10,10
3,4,3,4,2,2,2,2
1,3,2,3,0,0,2,0
0,2,1,0,0,3,5,2
0,0,6,1,3,0,2,3
4,3,4,2,0,1,2,2
2,2,1,3,3,2,1,0
1,1,2,0,1,1,2,2
1,2,4,2,1,1,2,3
2,2,0,0,1,3,0,2
1,4,2,1,1,1,3,4
2,0,2,0,2,0,1,0
0,0,2,1,0,0,3,0
0,2,0,1,2,1,2,1
4,0,0,0,1,1,1,2
0,1,1,1,1,0,1,1
0,1,3,0,0,3,1,1
2,3,3,3,1,0,1,1
0,2,1,0,2,0,0,0
0,1,2,3,0,2,2,1
1,1,0,1,0,1,0,0
2,0,2,1,0,1,2,1
1,2,1,1,1,0,0,0
3,2,2,1,2,2,0,1
1,2,2,4,0,0,1,2
0,1,1,0,0,0,0,0
1,4,0,0,1,1,1,1
2,0,1,0,0,0,0,0
0,0,1,0,0,1,1,0
0,0,0,2,2,2,1,1
0,0,1,0,0,0,0,0
0,1,1,2,1,1,0,0
0,0,1,0,0,0,1,1
1,0,0,0,0,1,0,0
0,0,0,1,1,0,2,0
1,0,0,0,0,1,0,1
0,1,0,0,1,1,0,1
1,0,3,1,0,2,0,1
3,0,4,0,1,1,0,2
1,2,0,0,1,0,6,2
2,0,2,1,4,1,1,2
1,2,1,1,0,0,0,1
1,0,0,0,0,2,0,0
0,0,0,2,0,0,0,0
0,0,0,0,0,0,0,0
0,0,0,1,0,1,0,1
0,0,1,0,0,0,1,0
0,0,1,0,0,0,0,0
0,0,0,0,0,0,0,0
0,0,0,0,1,0,0,0
0,0,0,0,0,0,1,0
0,0,0,0,0,0,1,0
0,0,0,0,0,0,0,0
0,0,0,0,0,0,0,0
0,1,0,0,1,0,0,0
0,0,0,0,1,0,0,0
0,0,1,0,0,1,0,0
1,1,0,0,0,0,0,0
0,0,0,0,0,0,0,0
0,0,0,1,0,0,0,0
0,1,0,0,0,0,0,0
0,1,1,0,0,0,0,0
0,0,0,1,0,0,0,0
0,0,0,0,0,0,0,0
0,0,0,0,0,0,0,0
0,0,0,0,0,1,0,0
0,0,0,1,0,1,0,0
0,0,0,0,0,0,0,0
0,0,0,0,0,0,0,0
0,0,0,0,0,0,0,0
0,0,0,0,0,0,1,0
0,0,0,0,1,0,1,0
0,0,1,0,0,0,0,0
0,0,0,0,1,0,0,0
0,0,0,0,1,1,0,0
0,0,0,0,0,1,0,0
0,0,0,1,0,0,0,0
0,0,0,0,0,0,0,0
0,0,0,0,0,0,0,0
0,0,0,0,0,0,0,1
0,0,0,1,0,0,0,0
0,0,0,0,0,0,0,0
0,0,1,0,0,0,0,0
0,0,0,0,0,0,0,0
0,0,0,0,0,0,0,0
0,0,0,0,0,0,0,0
0,0,0,0,0,0,0,0
0,0,0,0,0,0,0,0
0,0,0,0,0,0,0,0
0,0,0,0,0,0,0,0
0,0,0,0,0,0,0,0
