SpectrumName : C24.SPC
XUnit        : 
YUnit        : 
Length       : 1024
SubSpcNum    : 1
StartSubSpc  : 0
StopSubSpc   : 0
Comment      : 
Realtime     : 116.170
Livetime     : 115.560
Deadtime     : 0.610
FastChannel  : 5232
Starttime    : 31.12.1999 15:23:23
Stoptime     : 31.12.1999 15:25:19
CalibCoeff   : a=0.000000000E+000 b=0.000000000E+000 c=0.000000000E+000 d=0.000000000E+000
SpectrumText : 0 
0,1,0,0,0,0,0,0
0,3,1,4,13,9,8,9
5,11,6,18,10,13,9,8
14,11,10,12,16,12,14,8
18,16,13,13,13,15,19,8
11,17,18,12,24,19,18,16
25,18,17,31,17,20,20,22
26,24,25,21,25,24,21,18
25,41,28,22,31,23,30,27
21,28,22,19,18,20,32,20
35,25,24,27,17,24,21,23
29,25,29,23,29,29,23,28
15,18,18,16,18,23,23,18
16,20,14,23,28,16,18,25
16,15,15,13,11,20,28,15
12,16,20,20,10,16,9,13
14,13,16,12,12,6,16,13
9,19,11,11,14,13,15,11
14,14,15,12,12,22,15,11
13,7,18,12,8,11,7,12
20,5,11,10,18,13,10,8
16,7,14,9,8,14,12,11
15,8,21,7,5,10,13,11
11,10,12,15,6,9,8,18
9,15,6,11,9,8,11,13
9,8,7,11,10,10,3,4
11,10,3,7,5,6,6,7
8,7,6,5,3,4,8,5
4,3,2,5,2,6,5,4
3,2,4,5,7,5,1,5
3,6,8,7,5,7,10,9
7,8,1,6,7,3,7,6
7,10,5,10,6,8,9,6
6,15,19,15,15,11,28,24
25,19,20,50,29,37,45,47
45,46,52,58,51,70,49,52
48,56,56,57,39,35,36,34
20,19,13,15,9,12,5,4
6,2,5,1,5,2,2,3
6,1,1,1,1,1,0,3
1,0,1,0,0,2,1,1
1,0,0,3,2,2,0,1
0,4,3,0,2,1,2,0
1,1,2,0,0,0,0,0
2,1,1,1,1,1,2,0
3,0,2,2,0,1,1,1
1,2,2,0,1,1,2,0
3,0,1,1,1,0,2,2
1,1,0,1,3,1,1,2
1,1,1,0,1,3,1,0
0,0,0,1,1,0,2,2
1,4,0,1,0,3,1,2
1,1,2,1,0,1,0,0
0,0,0,1,0,1,0,1
0,0,0,2,3,0,1,0
0,1,1,0,1,2,0,1
0,0,0,0,0,2,1,3
0,0,2,1,1,0,0,3
1,0,0,0,1,1,1,0
0,0,1,0,0,1,0,0
1,0,0,1,0,0,1,0
0,0,2,1,1,1,1,0
1,1,1,0,1,0,0,1
0,0,0,2,0,0,0,3
1,0,1,0,0,1,0,0
1,0,0,0,0,0,0,0
0,0,0,1,0,0,0,0
0,1,0,0,0,3,0,1
1,0,1,0,1,0,1,0
0,0,0,0,0,0,1,0
1,1,0,0,0,0,2,0
1,0,0,1,0,0,0,1
1,0,0,0,1,0,0,0
1,1,0,1,0,0,0,1
1,1,2,2,2,1,0,0
2,0,1,0,0,1,2,0
1,1,0,2,3,1,1,0
2,0,0,1,1,0,2,2
2,2,1,1,0,0,1,0
1,0,0,1,0,0,1,0
0,0,0,0,0,0,0,0
0,0,0,0,0,0,0,0
0,0,0,0,1,1,0,0
0,0,0,1,0,0,1,0
1,0,0,0,1,0,0,0
0,0,0,1,0,0,0,0
0,0,0,0,0,1,0,0
0,0,1,0,0,0,0,0
1,0,0,0,0,0,0,0
1,0,0,0,0,0,1,0
0,1,0,0,0,0,0,0
1,1,1,0,1,0,0,0
1,0,0,0,0,0,0,0
0,0,0,0,0,0,0,0
0,0,0,0,0,0,0,0
0,0,0,0,0,0,0,0
0,0,0,0,2,1,1,0
2,0,0,1,0,0,0,0
0,0,0,0,0,0,0,1
1,0,0,0,0,0,0,0
0,0,0,0,0,0,1,0
0,0,0,0,0,0,0,0
0,0,0,0,0,0,0,0
0,0,0,0,0,0,0,0
0,0,0,0,1,1,0,0
0,1,0,0,0,0,0,0
0,0,0,0,0,0,0,0
0,0,0,0,0,0,0,0
0,0,0,0,0,0,0,0
0,0,0,0,0,0,1,0
1,0,0,0,0,0,1,0
0,0,0,0,0,0,0,0
0,0,0,0,0,0,0,0
0,1,0,1,0,0,0,0
0,0,0,0,0,0,0,1
0,0,1,0,0,1,0,0
1,0,1,0,0,0,1,0
0,0,0,0,0,0,0,0
0,0,0,0,0,0,0,0
0,0,0,0,0,0,0,0
0,0,0,0,0,0,0,0
0,0,0,0,0,0,0,0
0,1,0,0,0,0,0,0
0,0,0,0,0,0,0,0
0,0,0,0,1,0,0,0
0,0,0,0,0,0,0,0
0,0,0,0,0,0,0,0
0,0,0,0,0,0,0,0
