# Converted file from inputfile C24.CHN
# MCA number or Detector number: 1
# Segment number (set to 1 in UMCBI): 1
# ASCII seconds of start time: 13106
# Real Time (s): 116.180
# Live Time (s) : 115.560
# Start Date (DDMMMYY): 31DEC99
# Start time (HHMM): 1523
# Channel offset of data: 0
# Number of channels (length of data): 1024

# Data: 

0 	 0
1 	 1
2 	 0
3 	 0
4 	 0
5 	 0
6 	 0
7 	 0
8 	 0
9 	 3
10 	 1
11 	 4
12 	 13
13 	 9
14 	 8
15 	 9
16 	 5
17 	 11
18 	 6
19 	 18
20 	 10
21 	 13
22 	 9
23 	 8
24 	 14
25 	 11
26 	 10
27 	 12
28 	 16
29 	 12
30 	 14
31 	 8
32 	 18
33 	 16
34 	 13
35 	 13
36 	 13
37 	 15
38 	 19
39 	 8
40 	 11
41 	 17
42 	 18
43 	 12
44 	 24
45 	 19
46 	 18
47 	 16
48 	 25
49 	 18
50 	 17
51 	 31
52 	 17
53 	 20
54 	 20
55 	 22
56 	 26
57 	 24
58 	 25
59 	 21
60 	 25
61 	 24
62 	 21
63 	 18
64 	 25
65 	 41
66 	 28
67 	 22
68 	 31
69 	 23
70 	 30
71 	 27
72 	 21
73 	 28
74 	 22
75 	 19
76 	 18
77 	 20
78 	 32
79 	 20
80 	 35
81 	 25
82 	 24
83 	 27
84 	 17
85 	 24
86 	 21
87 	 23
88 	 29
89 	 25
90 	 29
91 	 23
92 	 29
93 	 29
94 	 23
95 	 28
96 	 15
97 	 18
98 	 18
99 	 16
100 	 18
101 	 23
102 	 23
103 	 18
104 	 16
105 	 20
106 	 14
107 	 23
108 	 28
109 	 16
110 	 18
111 	 25
112 	 16
113 	 15
114 	 15
115 	 13
116 	 11
117 	 20
118 	 28
119 	 15
120 	 12
121 	 16
122 	 20
123 	 20
124 	 10
125 	 16
126 	 9
127 	 13
128 	 14
129 	 13
130 	 16
131 	 12
132 	 12
133 	 6
134 	 16
135 	 13
136 	 9
137 	 19
138 	 11
139 	 11
140 	 14
141 	 13
142 	 15
143 	 11
144 	 14
145 	 14
146 	 15
147 	 12
148 	 12
149 	 22
150 	 15
151 	 11
152 	 13
153 	 7
154 	 18
155 	 12
156 	 8
157 	 11
158 	 7
159 	 12
160 	 20
161 	 5
162 	 11
163 	 10
164 	 18
165 	 13
166 	 10
167 	 8
168 	 16
169 	 7
170 	 14
171 	 9
172 	 8
173 	 14
174 	 12
175 	 11
176 	 15
177 	 8
178 	 21
179 	 7
180 	 5
181 	 10
182 	 13
183 	 11
184 	 11
185 	 10
186 	 12
187 	 15
188 	 6
189 	 9
190 	 8
191 	 18
192 	 9
193 	 15
194 	 6
195 	 11
196 	 9
197 	 8
198 	 11
199 	 13
200 	 9
201 	 8
202 	 7
203 	 11
204 	 10
205 	 10
206 	 3
207 	 4
208 	 11
209 	 10
210 	 3
211 	 7
212 	 5
213 	 6
214 	 6
215 	 7
216 	 8
217 	 7
218 	 6
219 	 5
220 	 3
221 	 4
222 	 8
223 	 5
224 	 4
225 	 3
226 	 2
227 	 5
228 	 2
229 	 6
230 	 5
231 	 4
232 	 3
233 	 2
234 	 4
235 	 5
236 	 7
237 	 5
238 	 1
239 	 5
240 	 3
241 	 6
242 	 8
243 	 7
244 	 5
245 	 7
246 	 10
247 	 9
248 	 7
249 	 8
250 	 1
251 	 6
252 	 7
253 	 3
254 	 7
255 	 6
256 	 7
257 	 10
258 	 5
259 	 10
260 	 6
261 	 8
262 	 9
263 	 6
264 	 6
265 	 15
266 	 19
267 	 15
268 	 15
269 	 11
270 	 28
271 	 24
272 	 25
273 	 19
274 	 20
275 	 50
276 	 29
277 	 37
278 	 45
279 	 47
280 	 45
281 	 46
282 	 52
283 	 58
284 	 51
285 	 70
286 	 49
287 	 52
288 	 48
289 	 56
290 	 56
291 	 57
292 	 39
293 	 35
294 	 36
295 	 34
296 	 20
297 	 19
298 	 13
299 	 15
300 	 9
301 	 12
302 	 5
303 	 4
304 	 6
305 	 2
306 	 5
307 	 1
308 	 5
309 	 2
310 	 2
311 	 3
312 	 6
313 	 1
314 	 1
315 	 1
316 	 1
317 	 1
318 	 0
319 	 3
320 	 1
321 	 0
322 	 1
323 	 0
324 	 0
325 	 2
326 	 1
327 	 1
328 	 1
329 	 0
330 	 0
331 	 3
332 	 2
333 	 2
334 	 0
335 	 1
336 	 0
337 	 4
338 	 3
339 	 0
340 	 2
341 	 1
342 	 2
343 	 0
344 	 1
345 	 1
346 	 2
347 	 0
348 	 0
349 	 0
350 	 0
351 	 0
352 	 2
353 	 1
354 	 1
355 	 1
356 	 1
357 	 1
358 	 2
359 	 0
360 	 3
361 	 0
362 	 2
363 	 2
364 	 0
365 	 1
366 	 1
367 	 1
368 	 1
369 	 2
370 	 2
371 	 0
372 	 1
373 	 1
374 	 2
375 	 0
376 	 3
377 	 0
378 	 1
379 	 1
380 	 1
381 	 0
382 	 2
383 	 2
384 	 1
385 	 1
386 	 0
387 	 1
388 	 3
389 	 1
390 	 1
391 	 2
392 	 1
393 	 1
394 	 1
395 	 0
396 	 1
397 	 3
398 	 1
399 	 0
400 	 0
401 	 0
402 	 0
403 	 1
404 	 1
405 	 0
406 	 2
407 	 2
408 	 1
409 	 4
410 	 0
411 	 1
412 	 0
413 	 3
414 	 1
415 	 2
416 	 1
417 	 1
418 	 2
419 	 1
420 	 0
421 	 1
422 	 0
423 	 0
424 	 0
425 	 0
426 	 0
427 	 1
428 	 0
429 	 1
430 	 0
431 	 1
432 	 0
433 	 0
434 	 0
435 	 2
436 	 3
437 	 0
438 	 1
439 	 0
440 	 0
441 	 1
442 	 1
443 	 0
444 	 1
445 	 2
446 	 0
447 	 1
448 	 0
449 	 0
450 	 0
451 	 0
452 	 0
453 	 2
454 	 1
455 	 3
456 	 0
457 	 0
458 	 2
459 	 1
460 	 1
461 	 0
462 	 0
463 	 3
464 	 1
465 	 0
466 	 0
467 	 0
468 	 1
469 	 1
470 	 1
471 	 0
472 	 0
473 	 0
474 	 1
475 	 0
476 	 0
477 	 1
478 	 0
479 	 0
480 	 1
481 	 0
482 	 0
483 	 1
484 	 0
485 	 0
486 	 1
487 	 0
488 	 0
489 	 0
490 	 2
491 	 1
492 	 1
493 	 1
494 	 1
495 	 0
496 	 1
497 	 1
498 	 1
499 	 0
500 	 1
501 	 0
502 	 0
503 	 1
504 	 0
505 	 0
506 	 0
507 	 2
508 	 0
509 	 0
510 	 0
511 	 3
512 	 1
513 	 0
514 	 1
515 	 0
516 	 0
517 	 1
518 	 0
519 	 0
520 	 1
521 	 0
522 	 0
523 	 0
524 	 0
525 	 0
526 	 0
527 	 0
528 	 0
529 	 0
530 	 0
531 	 1
532 	 0
533 	 0
534 	 0
535 	 0
536 	 0
537 	 1
538 	 0
539 	 0
540 	 0
541 	 3
542 	 0
543 	 1
544 	 1
545 	 0
546 	 1
547 	 0
548 	 1
549 	 0
550 	 1
551 	 0
552 	 0
553 	 0
554 	 0
555 	 0
556 	 0
557 	 0
558 	 1
559 	 0
560 	 1
561 	 1
562 	 0
563 	 0
564 	 0
565 	 0
566 	 2
567 	 0
568 	 1
569 	 0
570 	 0
571 	 1
572 	 0
573 	 0
574 	 0
575 	 1
576 	 1
577 	 0
578 	 0
579 	 0
580 	 1
581 	 0
582 	 0
583 	 0
584 	 1
585 	 1
586 	 0
587 	 1
588 	 0
589 	 0
590 	 0
591 	 1
592 	 1
593 	 1
594 	 2
595 	 2
596 	 2
597 	 1
598 	 0
599 	 0
600 	 2
601 	 0
602 	 1
603 	 0
604 	 0
605 	 1
606 	 2
607 	 0
608 	 1
609 	 1
610 	 0
611 	 2
612 	 3
613 	 1
614 	 1
615 	 0
616 	 2
617 	 0
618 	 0
619 	 1
620 	 1
621 	 0
622 	 2
623 	 2
624 	 2
625 	 2
626 	 1
627 	 1
628 	 0
629 	 0
630 	 1
631 	 0
632 	 1
633 	 0
634 	 0
635 	 1
636 	 0
637 	 0
638 	 1
639 	 0
640 	 0
641 	 0
642 	 0
643 	 0
644 	 0
645 	 0
646 	 0
647 	 0
648 	 0
649 	 0
650 	 0
651 	 0
652 	 0
653 	 0
654 	 0
655 	 0
656 	 0
657 	 0
658 	 0
659 	 0
660 	 1
661 	 1
662 	 0
663 	 0
664 	 0
665 	 0
666 	 0
667 	 1
668 	 0
669 	 0
670 	 1
671 	 0
672 	 1
673 	 0
674 	 0
675 	 0
676 	 1
677 	 0
678 	 0
679 	 0
680 	 0
681 	 0
682 	 0
683 	 1
684 	 0
685 	 0
686 	 0
687 	 0
688 	 0
689 	 0
690 	 0
691 	 0
692 	 0
693 	 1
694 	 0
695 	 0
696 	 0
697 	 0
698 	 1
699 	 0
700 	 0
701 	 0
702 	 0
703 	 0
704 	 1
705 	 0
706 	 0
707 	 0
708 	 0
709 	 0
710 	 0
711 	 0
712 	 1
713 	 0
714 	 0
715 	 0
716 	 0
717 	 0
718 	 1
719 	 0
720 	 0
721 	 1
722 	 0
723 	 0
724 	 0
725 	 0
726 	 0
727 	 0
728 	 1
729 	 1
730 	 1
731 	 0
732 	 1
733 	 0
734 	 0
735 	 0
736 	 1
737 	 0
738 	 0
739 	 0
740 	 0
741 	 0
742 	 0
743 	 0
744 	 0
745 	 0
746 	 0
747 	 0
748 	 0
749 	 0
750 	 0
751 	 0
752 	 0
753 	 0
754 	 0
755 	 0
756 	 0
757 	 0
758 	 0
759 	 0
760 	 0
761 	 0
762 	 0
763 	 0
764 	 0
765 	 0
766 	 0
767 	 0
768 	 0
769 	 0
770 	 0
771 	 0
772 	 2
773 	 1
774 	 1
775 	 0
776 	 2
777 	 0
778 	 0
779 	 1
780 	 0
781 	 0
782 	 0
783 	 0
784 	 0
785 	 0
786 	 0
787 	 0
788 	 0
789 	 0
790 	 0
791 	 1
792 	 1
793 	 0
794 	 0
795 	 0
796 	 0
797 	 0
798 	 0
799 	 0
800 	 0
801 	 0
802 	 0
803 	 0
804 	 0
805 	 0
806 	 1
807 	 0
808 	 0
809 	 0
810 	 0
811 	 0
812 	 0
813 	 0
814 	 0
815 	 0
816 	 0
817 	 0
818 	 0
819 	 0
820 	 0
821 	 0
822 	 0
823 	 0
824 	 0
825 	 0
826 	 0
827 	 0
828 	 0
829 	 0
830 	 0
831 	 0
832 	 0
833 	 0
834 	 0
835 	 0
836 	 1
837 	 1
838 	 0
839 	 0
840 	 0
841 	 1
842 	 0
843 	 0
844 	 0
845 	 0
846 	 0
847 	 0
848 	 0
849 	 0
850 	 0
851 	 0
852 	 0
853 	 0
854 	 0
855 	 0
856 	 0
857 	 0
858 	 0
859 	 0
860 	 0
861 	 0
862 	 0
863 	 0
864 	 0
865 	 0
866 	 0
867 	 0
868 	 0
869 	 0
870 	 0
871 	 0
872 	 0
873 	 0
874 	 0
875 	 0
876 	 0
877 	 0
878 	 1
879 	 0
880 	 1
881 	 0
882 	 0
883 	 0
884 	 0
885 	 0
886 	 1
887 	 0
888 	 0
889 	 0
890 	 0
891 	 0
892 	 0
893 	 0
894 	 0
895 	 0
896 	 0
897 	 0
898 	 0
899 	 0
900 	 0
901 	 0
902 	 0
903 	 0
904 	 0
905 	 1
906 	 0
907 	 1
908 	 0
909 	 0
910 	 0
911 	 0
912 	 0
913 	 0
914 	 0
915 	 0
916 	 0
917 	 0
918 	 0
919 	 1
920 	 0
921 	 0
922 	 1
923 	 0
924 	 0
925 	 1
926 	 0
927 	 0
928 	 1
929 	 0
930 	 1
931 	 0
932 	 0
933 	 0
934 	 1
935 	 0
936 	 0
937 	 0
938 	 0
939 	 0
940 	 0
941 	 0
942 	 0
943 	 0
944 	 0
945 	 0
946 	 0
947 	 0
948 	 0
949 	 0
950 	 0
951 	 0
952 	 0
953 	 0
954 	 0
955 	 0
956 	 0
957 	 0
958 	 0
959 	 0
960 	 0
961 	 0
962 	 0
963 	 0
964 	 0
965 	 0
966 	 0
967 	 0
968 	 0
969 	 0
970 	 0
971 	 0
972 	 0
973 	 0
974 	 0
975 	 0
976 	 0
977 	 1
978 	 0
979 	 0
980 	 0
981 	 0
982 	 0
983 	 0
984 	 0
985 	 0
986 	 0
987 	 0
988 	 0
989 	 0
990 	 0
991 	 0
992 	 0
993 	 0
994 	 0
995 	 0
996 	 1
997 	 0
998 	 0
999 	 0
1000 	 0
1001 	 0
1002 	 0
1003 	 0
1004 	 0
1005 	 0
1006 	 0
1007 	 0
1008 	 0
1009 	 0
1010 	 0
1011 	 0
1012 	 0
1013 	 0
1014 	 0
1015 	 0
1016 	 0
1017 	 0
1018 	 0
1019 	 0
1020 	 0
1021 	 0
1022 	 0
1023 	 0


# Energy calibration zero intercept, 0.0 for uncalibrated spectrum: 0.00000
# Energy calibration slope, 1.0 for uncalibrated spectrum: 0.00000
# Energy calibration quadratic term, 0.0 for uncalibrated spectrum: 0.00000
# Peak shape calibration zero intercept, 1.0 for uncalibrated spectrum: 1.00000
# Peak shape calibration slope, 0.0 for uncalibrated spectrum: 0.00000
# Peak shape calibration quadratic term, 0.0 for uncalibrated spectrum: 0.00000
# Detector description: 
# Sample description: 
