SpectrumName : C25.SPC
XUnit        : 
YUnit        : 
Length       : 1024
SubSpcNum    : 1
StartSubSpc  : 0
StopSubSpc   : 0
Comment      : 
Realtime     : 177.560
Livetime     : 176.710
Deadtime     : 0.850
FastChannel  : 6476
Starttime    : 31.12.1999 15:26:09
Stoptime     : 31.12.1999 15:29:07
CalibCoeff   : a=0.000000000E+000 b=0.000000000E+000 c=0.000000000E+000 d=0.000000000E+000
SpectrumText : 0 
0,1,0,0,0,0,0,0
0,3,2,7,9,13,9,13
8,18,5,12,12,12,16,20
15,10,10,14,16,12,19,17
11,13,15,17,23,18,21,28
20,20,19,22,27,31,29,19
21,29,25,17,28,23,30,43
39,35,40,24,33,29,23,30
41,31,29,38,37,32,35,23
28,27,28,30,46,24,33,28
54,34,35,33,33,27,26,38
30,23,32,20,24,30,29,29
26,38,24,29,34,30,16,24
38,22,19,22,21,26,26,21
20,20,29,25,22,22,27,27
23,22,18,17,23,20,24,25
17,11,21,18,17,15,15,20
16,13,23,15,18,15,21,11
10,22,23,14,15,21,15,14
15,19,17,17,19,16,9,19
24,7,13,10,15,13,14,14
16,16,10,19,9,17,9,11
17,16,20,9,16,11,15,5
9,14,10,11,8,12,8,11
18,14,16,11,16,14,8,8
12,13,15,12,10,13,7,4
10,9,12,8,3,4,7,12
7,5,6,1,4,2,6,5
13,6,8,6,8,6,8,7
7,6,4,10,6,8,7,4
7,7,4,7,7,4,3,10
6,5,5,5,4,1,8,4
6,8,6,6,10,11,17,7
12,20,13,12,10,35,18,24
28,27,24,35,33,44,54,52
53,66,53,55,49,66,65,54
49,53,59,42,42,51,25,30
25,19,20,22,14,13,10,7
9,6,3,5,5,2,6,1
2,2,3,2,3,2,1,0
2,2,3,4,3,3,4,2
1,1,2,3,1,1,0,3
0,2,2,2,1,2,0,2
0,2,1,0,3,1,1,0
0,2,1,1,0,0,0,2
1,1,2,0,0,3,3,2
2,2,2,1,1,2,2,0
4,3,2,3,3,2,1,1
3,2,0,1,2,2,1,2
1,1,3,0,1,0,1,2
3,1,2,0,3,2,2,4
1,1,2,0,1,1,2,1
1,1,2,0,3,3,1,1
1,1,5,2,0,3,0,1
1,1,0,0,3,3,1,1
1,0,0,0,1,1,0,1
0,1,0,2,1,0,1,0
1,0,1,0,1,1,1,1
0,1,0,1,0,2,2,0
0,3,1,0,0,1,0,1
2,1,1,2,0,0,1,1
0,1,0,0,2,1,0,0
0,0,1,0,1,0,2,0
0,0,2,1,0,0,0,1
3,0,2,2,0,2,1,0
0,0,1,0,0,1,0,1
1,2,0,2,1,1,1,0
0,0,1,0,2,1,0,0
2,0,0,1,0,1,1,0
1,1,1,0,0,1,1,1
1,1,0,1,1,0,0,0
0,1,0,1,0,4,0,1
0,0,1,1,0,1,0,2
0,2,3,0,1,0,1,0
0,2,1,1,3,2,1,2
1,2,1,1,1,2,0,1
2,2,0,0,2,3,1,2
0,0,1,1,0,0,2,1
0,1,1,1,1,0,1,1
0,1,1,0,2,2,0,0
1,0,0,0,0,0,0,0
0,1,0,1,0,0,0,0
0,0,0,0,1,0,1,0
1,1,0,0,0,0,0,0
0,0,0,0,1,0,0,0
0,1,0,0,0,0,1,0
0,1,1,1,0,0,0,0
0,0,1,1,0,0,0,0
1,0,0,0,0,0,0,0
1,0,0,1,0,0,0,0
0,0,0,0,1,0,0,0
1,0,0,0,1,0,1,0
0,0,0,0,1,0,0,0
0,1,0,0,1,0,0,1
0,0,0,0,0,1,0,0
1,0,1,0,0,0,0,0
0,0,1,0,0,0,0,0
0,1,0,1,0,0,0,0
1,0,0,0,0,0,0,2
0,0,0,0,0,0,0,0
0,0,2,0,0,0,0,0
0,0,0,0,0,0,0,0
1,0,0,0,0,0,1,0
0,0,0,1,0,0,0,0
1,0,0,0,0,1,0,0
1,0,0,0,0,0,0,0
0,0,0,0,1,0,0,1
0,0,0,0,0,0,0,0
0,0,1,0,1,0,1,0
0,0,0,0,1,0,1,0
0,0,0,0,0,1,1,0
0,0,0,0,0,1,0,1
1,0,0,0,0,1,1,0
0,0,1,0,0,1,0,0
1,0,0,0,0,0,0,0
1,0,0,0,0,0,0,0
1,0,0,1,0,0,0,0
1,0,0,0,0,0,0,0
0,1,0,0,0,0,0,0
0,0,0,1,0,0,0,0
0,0,0,0,0,0,0,0
1,0,0,0,0,0,0,0
0,0,0,0,0,0,0,0
0,0,0,0,0,0,0,0
0,0,0,0,0,0,0,0
0,0,0,0,0,0,0,0
0,0,0,0,0,0,0,0
0,0,0,0,0,0,0,0
