SpectrumName : C26.SPC
XUnit        : 
YUnit        : 
Length       : 1024
SubSpcNum    : 1
StartSubSpc  : 0
StopSubSpc   : 0
Comment      : 
Realtime     : 145.260
Livetime     : 144.610
Deadtime     : 0.650
FastChannel  : 5628
Starttime    : 31.12.1999 15:29:44
Stoptime     : 31.12.1999 15:32:09
CalibCoeff   : a=0.000000000E+000 b=0.000000000E+000 c=0.000000000E+000 d=0.000000000E+000
SpectrumText : 0 
0,0,0,0,0,0,0,0
0,2,4,9,4,12,7,13
8,4,9,11,8,13,19,12
4,12,6,14,13,8,12,7
4,14,16,16,15,23,20,18
25,21,23,10,23,32,21,26
21,24,27,35,24,26,30,19
24,19,30,21,32,36,20,28
33,28,28,31,31,29,16,27
18,34,27,21,24,27,28,26
24,29,24,34,35,22,25,25
41,32,21,15,21,29,32,23
28,20,23,15,20,21,22,28
17,28,21,22,24,22,13,23
15,22,18,20,15,20,13,20
21,18,15,16,10,27,15,17
15,13,19,17,11,18,18,17
19,20,20,13,19,15,16,10
17,23,11,10,15,11,18,15
13,15,13,18,13,17,17,16
14,16,9,17,8,13,11,12
11,14,14,14,14,16,10,12
12,11,9,15,14,13,13,5
7,12,14,8,9,8,8,14
11,10,12,9,9,6,10,8
9,9,11,3,9,7,4,7
7,6,8,7,10,4,5,6
5,4,3,7,5,5,7,6
5,7,6,2,6,5,4,5
4,7,5,6,4,5,4,2
6,5,4,4,2,6,6,2
6,4,12,4,1,4,4,11
6,6,4,12,8,9,13,12
11,11,9,12,16,18,20,30
26,28,31,36,35,38,48,39
57,47,50,60,50,56,56,52
37,42,47,58,42,29,24,31
32,19,15,12,19,7,7,10
5,13,6,2,2,2,4,2
1,3,2,2,3,2,4,3
0,4,1,2,2,1,1,3
1,4,3,1,2,0,2,1
1,4,0,1,2,4,0,4
0,1,3,2,0,2,3,1
0,0,1,2,1,1,1,1
2,0,2,1,1,0,0,2
2,1,1,0,1,2,1,0
1,1,1,0,1,1,2,1
0,2,1,3,0,0,0,1
1,3,0,0,0,1,1,1
0,0,0,1,0,1,3,2
3,0,0,1,2,1,1,1
0,0,4,0,0,0,0,0
1,3,1,0,2,1,0,0
0,4,1,2,0,0,3,1
1,2,1,1,0,0,0,1
1,3,0,1,1,1,0,0
0,2,1,1,1,2,2,0
0,0,1,2,1,2,1,3
2,2,0,0,2,0,0,0
1,0,2,0,1,0,0,2
1,2,1,0,1,3,1,1
0,1,0,1,3,0,1,2
0,2,0,0,1,1,0,0
0,1,1,4,0,1,1,2
0,0,0,1,0,1,0,1
0,0,0,1,1,1,0,2
0,0,1,0,0,1,2,2
0,2,2,0,0,0,0,0
1,0,0,0,2,0,3,0
0,0,0,0,2,2,0,1
0,0,0,0,0,1,0,0
0,0,0,1,0,0,1,1
1,1,0,1,1,0,0,0
3,1,1,0,2,1,0,2
0,0,2,1,1,2,1,3
3,0,2,1,1,0,1,2
0,1,1,3,0,1,0,0
1,2,0,1,1,1,0,0
0,0,1,1,0,0,1,0
1,0,0,1,0,0,0,0
0,1,0,0,0,0,0,1
0,0,0,0,0,0,0,0
0,0,0,1,0,0,0,0
1,0,1,0,0,0,0,0
0,0,0,0,0,0,0,0
0,0,0,0,0,0,0,0
1,0,0,0,0,0,0,0
0,0,0,0,0,1,1,0
0,0,0,0,0,0,0,0
0,0,0,0,0,0,0,0
0,1,0,1,0,0,0,1
0,0,0,0,0,0,0,0
0,0,0,0,0,0,0,0
0,0,0,0,0,0,0,0
0,0,0,0,1,0,0,0
1,1,1,1,0,0,0,0
0,0,0,1,0,0,0,1
0,0,0,0,0,0,1,1
0,0,0,0,0,0,0,0
0,0,0,0,0,0,0,0
1,0,0,0,0,0,0,0
0,0,0,0,0,0,0,0
0,0,0,0,1,0,0,0
1,0,0,0,1,0,0,0
0,0,0,0,0,0,0,0
0,2,0,0,0,0,0,0
1,0,0,0,0,0,1,0
0,0,0,0,0,0,0,0
0,0,0,0,0,0,0,0
0,0,0,0,0,0,1,0
0,0,0,0,0,1,1,0
1,1,0,0,0,0,1,0
0,0,0,0,0,0,0,0
0,1,0,0,1,0,0,0
0,0,0,0,0,0,0,0
0,0,0,0,0,0,0,0
0,0,0,0,0,0,0,0
0,0,0,0,0,0,0,0
0,0,0,1,0,0,0,0
0,0,0,0,0,0,0,0
0,0,0,0,1,0,0,0
0,0,0,0,0,0,0,0
0,0,0,0,0,0,0,0
0,0,0,0,0,0,0,0
0,0,0,0,0,0,0,0
0,0,0,0,0,0,0,1
0,0,0,0,0,0,0,0
