# Converted file from inputfile C26.CHN
# MCA number or Detector number: 1
# Segment number (set to 1 in UMCBI): 1
# ASCII seconds of start time: 13364
# Real Time (s): 145.260
# Live Time (s) : 144.620
# Start Date (DDMMMYY): 31DEC99
# Start time (HHMM): 1529
# Channel offset of data: 0
# Number of channels (length of data): 1024

# Data: 

0 	 0
1 	 0
2 	 0
3 	 0
4 	 0
5 	 0
6 	 0
7 	 0
8 	 0
9 	 2
10 	 4
11 	 9
12 	 4
13 	 12
14 	 7
15 	 13
16 	 8
17 	 4
18 	 9
19 	 11
20 	 8
21 	 13
22 	 19
23 	 12
24 	 4
25 	 12
26 	 6
27 	 14
28 	 13
29 	 8
30 	 12
31 	 7
32 	 4
33 	 14
34 	 16
35 	 16
36 	 15
37 	 23
38 	 20
39 	 18
40 	 25
41 	 21
42 	 23
43 	 10
44 	 23
45 	 32
46 	 21
47 	 26
48 	 21
49 	 24
50 	 27
51 	 35
52 	 24
53 	 26
54 	 30
55 	 19
56 	 24
57 	 19
58 	 30
59 	 21
60 	 32
61 	 36
62 	 20
63 	 28
64 	 33
65 	 28
66 	 28
67 	 31
68 	 31
69 	 29
70 	 16
71 	 27
72 	 18
73 	 34
74 	 27
75 	 21
76 	 24
77 	 27
78 	 28
79 	 26
80 	 24
81 	 29
82 	 24
83 	 34
84 	 35
85 	 22
86 	 25
87 	 25
88 	 41
89 	 32
90 	 21
91 	 15
92 	 21
93 	 29
94 	 32
95 	 23
96 	 28
97 	 20
98 	 23
99 	 15
100 	 20
101 	 21
102 	 22
103 	 28
104 	 17
105 	 28
106 	 21
107 	 22
108 	 24
109 	 22
110 	 13
111 	 23
112 	 15
113 	 22
114 	 18
115 	 20
116 	 15
117 	 20
118 	 13
119 	 20
120 	 21
121 	 18
122 	 15
123 	 16
124 	 10
125 	 27
126 	 15
127 	 17
128 	 15
129 	 13
130 	 19
131 	 17
132 	 11
133 	 18
134 	 18
135 	 17
136 	 19
137 	 20
138 	 20
139 	 13
140 	 19
141 	 15
142 	 16
143 	 10
144 	 17
145 	 23
146 	 11
147 	 10
148 	 15
149 	 11
150 	 18
151 	 15
152 	 13
153 	 15
154 	 13
155 	 18
156 	 13
157 	 17
158 	 17
159 	 16
160 	 14
161 	 16
162 	 9
163 	 17
164 	 8
165 	 13
166 	 11
167 	 12
168 	 11
169 	 14
170 	 14
171 	 14
172 	 14
173 	 16
174 	 10
175 	 12
176 	 12
177 	 11
178 	 9
179 	 15
180 	 14
181 	 13
182 	 13
183 	 5
184 	 7
185 	 12
186 	 14
187 	 8
188 	 9
189 	 8
190 	 8
191 	 14
192 	 11
193 	 10
194 	 12
195 	 9
196 	 9
197 	 6
198 	 10
199 	 8
200 	 9
201 	 9
202 	 11
203 	 3
204 	 9
205 	 7
206 	 4
207 	 7
208 	 7
209 	 6
210 	 8
211 	 7
212 	 10
213 	 4
214 	 5
215 	 6
216 	 5
217 	 4
218 	 3
219 	 7
220 	 5
221 	 5
222 	 7
223 	 6
224 	 5
225 	 7
226 	 6
227 	 2
228 	 6
229 	 5
230 	 4
231 	 5
232 	 4
233 	 7
234 	 5
235 	 6
236 	 4
237 	 5
238 	 4
239 	 2
240 	 6
241 	 5
242 	 4
243 	 4
244 	 2
245 	 6
246 	 6
247 	 2
248 	 6
249 	 4
250 	 12
251 	 4
252 	 1
253 	 4
254 	 4
255 	 11
256 	 6
257 	 6
258 	 4
259 	 12
260 	 8
261 	 9
262 	 13
263 	 12
264 	 11
265 	 11
266 	 9
267 	 12
268 	 16
269 	 18
270 	 20
271 	 30
272 	 26
273 	 28
274 	 31
275 	 36
276 	 35
277 	 38
278 	 48
279 	 39
280 	 57
281 	 47
282 	 50
283 	 60
284 	 50
285 	 56
286 	 56
287 	 52
288 	 37
289 	 42
290 	 47
291 	 58
292 	 42
293 	 29
294 	 24
295 	 31
296 	 32
297 	 19
298 	 15
299 	 12
300 	 19
301 	 7
302 	 7
303 	 10
304 	 5
305 	 13
306 	 6
307 	 2
308 	 2
309 	 2
310 	 4
311 	 2
312 	 1
313 	 3
314 	 2
315 	 2
316 	 3
317 	 2
318 	 4
319 	 3
320 	 0
321 	 4
322 	 1
323 	 2
324 	 2
325 	 1
326 	 1
327 	 3
328 	 1
329 	 4
330 	 3
331 	 1
332 	 2
333 	 0
334 	 2
335 	 1
336 	 1
337 	 4
338 	 0
339 	 1
340 	 2
341 	 4
342 	 0
343 	 4
344 	 0
345 	 1
346 	 3
347 	 2
348 	 0
349 	 2
350 	 3
351 	 1
352 	 0
353 	 0
354 	 1
355 	 2
356 	 1
357 	 1
358 	 1
359 	 1
360 	 2
361 	 0
362 	 2
363 	 1
364 	 1
365 	 0
366 	 0
367 	 2
368 	 2
369 	 1
370 	 1
371 	 0
372 	 1
373 	 2
374 	 1
375 	 0
376 	 1
377 	 1
378 	 1
379 	 0
380 	 1
381 	 1
382 	 2
383 	 1
384 	 0
385 	 2
386 	 1
387 	 3
388 	 0
389 	 0
390 	 0
391 	 1
392 	 1
393 	 3
394 	 0
395 	 0
396 	 0
397 	 1
398 	 1
399 	 1
400 	 0
401 	 0
402 	 0
403 	 1
404 	 0
405 	 1
406 	 3
407 	 2
408 	 3
409 	 0
410 	 0
411 	 1
412 	 2
413 	 1
414 	 1
415 	 1
416 	 0
417 	 0
418 	 4
419 	 0
420 	 0
421 	 0
422 	 0
423 	 0
424 	 1
425 	 3
426 	 1
427 	 0
428 	 2
429 	 1
430 	 0
431 	 0
432 	 0
433 	 4
434 	 1
435 	 2
436 	 0
437 	 0
438 	 3
439 	 1
440 	 1
441 	 2
442 	 1
443 	 1
444 	 0
445 	 0
446 	 0
447 	 1
448 	 1
449 	 3
450 	 0
451 	 1
452 	 1
453 	 1
454 	 0
455 	 0
456 	 0
457 	 2
458 	 1
459 	 1
460 	 1
461 	 2
462 	 2
463 	 0
464 	 0
465 	 0
466 	 1
467 	 2
468 	 1
469 	 2
470 	 1
471 	 3
472 	 2
473 	 2
474 	 0
475 	 0
476 	 2
477 	 0
478 	 0
479 	 0
480 	 1
481 	 0
482 	 2
483 	 0
484 	 1
485 	 0
486 	 0
487 	 2
488 	 1
489 	 2
490 	 1
491 	 0
492 	 1
493 	 3
494 	 1
495 	 1
496 	 0
497 	 1
498 	 0
499 	 1
500 	 3
501 	 0
502 	 1
503 	 2
504 	 0
505 	 2
506 	 0
507 	 0
508 	 1
509 	 1
510 	 0
511 	 0
512 	 0
513 	 1
514 	 1
515 	 4
516 	 0
517 	 1
518 	 1
519 	 2
520 	 0
521 	 0
522 	 0
523 	 1
524 	 0
525 	 1
526 	 0
527 	 1
528 	 0
529 	 0
530 	 0
531 	 1
532 	 1
533 	 1
534 	 0
535 	 2
536 	 0
537 	 0
538 	 1
539 	 0
540 	 0
541 	 1
542 	 2
543 	 2
544 	 0
545 	 2
546 	 2
547 	 0
548 	 0
549 	 0
550 	 0
551 	 0
552 	 1
553 	 0
554 	 0
555 	 0
556 	 2
557 	 0
558 	 3
559 	 0
560 	 0
561 	 0
562 	 0
563 	 0
564 	 2
565 	 2
566 	 0
567 	 1
568 	 0
569 	 0
570 	 0
571 	 0
572 	 0
573 	 1
574 	 0
575 	 0
576 	 0
577 	 0
578 	 0
579 	 1
580 	 0
581 	 0
582 	 1
583 	 1
584 	 1
585 	 1
586 	 0
587 	 1
588 	 1
589 	 0
590 	 0
591 	 0
592 	 3
593 	 1
594 	 1
595 	 0
596 	 2
597 	 1
598 	 0
599 	 2
600 	 0
601 	 0
602 	 2
603 	 1
604 	 1
605 	 2
606 	 1
607 	 3
608 	 3
609 	 0
610 	 2
611 	 1
612 	 1
613 	 0
614 	 1
615 	 2
616 	 0
617 	 1
618 	 1
619 	 3
620 	 0
621 	 1
622 	 0
623 	 0
624 	 1
625 	 2
626 	 0
627 	 1
628 	 1
629 	 1
630 	 0
631 	 0
632 	 0
633 	 0
634 	 1
635 	 1
636 	 0
637 	 0
638 	 1
639 	 0
640 	 1
641 	 0
642 	 0
643 	 1
644 	 0
645 	 0
646 	 0
647 	 0
648 	 0
649 	 1
650 	 0
651 	 0
652 	 0
653 	 0
654 	 0
655 	 1
656 	 0
657 	 0
658 	 0
659 	 0
660 	 0
661 	 0
662 	 0
663 	 0
664 	 0
665 	 0
666 	 0
667 	 1
668 	 0
669 	 0
670 	 0
671 	 0
672 	 1
673 	 0
674 	 1
675 	 0
676 	 0
677 	 0
678 	 0
679 	 0
680 	 0
681 	 0
682 	 0
683 	 0
684 	 0
685 	 0
686 	 0
687 	 0
688 	 0
689 	 0
690 	 0
691 	 0
692 	 0
693 	 0
694 	 0
695 	 0
696 	 1
697 	 0
698 	 0
699 	 0
700 	 0
701 	 0
702 	 0
703 	 0
704 	 0
705 	 0
706 	 0
707 	 0
708 	 0
709 	 1
710 	 1
711 	 0
712 	 0
713 	 0
714 	 0
715 	 0
716 	 0
717 	 0
718 	 0
719 	 0
720 	 0
721 	 0
722 	 0
723 	 0
724 	 0
725 	 0
726 	 0
727 	 0
728 	 0
729 	 1
730 	 0
731 	 1
732 	 0
733 	 0
734 	 0
735 	 1
736 	 0
737 	 0
738 	 0
739 	 0
740 	 0
741 	 0
742 	 0
743 	 0
744 	 0
745 	 0
746 	 0
747 	 0
748 	 0
749 	 0
750 	 0
751 	 0
752 	 0
753 	 0
754 	 0
755 	 0
756 	 0
757 	 0
758 	 0
759 	 0
760 	 0
761 	 0
762 	 0
763 	 0
764 	 1
765 	 0
766 	 0
767 	 0
768 	 1
769 	 1
770 	 1
771 	 1
772 	 0
773 	 0
774 	 0
775 	 0
776 	 0
777 	 0
778 	 0
779 	 1
780 	 0
781 	 0
782 	 0
783 	 1
784 	 0
785 	 0
786 	 0
787 	 0
788 	 0
789 	 0
790 	 1
791 	 1
792 	 0
793 	 0
794 	 0
795 	 0
796 	 0
797 	 0
798 	 0
799 	 0
800 	 0
801 	 0
802 	 0
803 	 0
804 	 0
805 	 0
806 	 0
807 	 0
808 	 1
809 	 0
810 	 0
811 	 0
812 	 0
813 	 0
814 	 0
815 	 0
816 	 0
817 	 0
818 	 0
819 	 0
820 	 0
821 	 0
822 	 0
823 	 0
824 	 0
825 	 0
826 	 0
827 	 0
828 	 1
829 	 0
830 	 0
831 	 0
832 	 1
833 	 0
834 	 0
835 	 0
836 	 1
837 	 0
838 	 0
839 	 0
840 	 0
841 	 0
842 	 0
843 	 0
844 	 0
845 	 0
846 	 0
847 	 0
848 	 0
849 	 2
850 	 0
851 	 0
852 	 0
853 	 0
854 	 0
855 	 0
856 	 1
857 	 0
858 	 0
859 	 0
860 	 0
861 	 0
862 	 1
863 	 0
864 	 0
865 	 0
866 	 0
867 	 0
868 	 0
869 	 0
870 	 0
871 	 0
872 	 0
873 	 0
874 	 0
875 	 0
876 	 0
877 	 0
878 	 0
879 	 0
880 	 0
881 	 0
882 	 0
883 	 0
884 	 0
885 	 0
886 	 1
887 	 0
888 	 0
889 	 0
890 	 0
891 	 0
892 	 0
893 	 1
894 	 1
895 	 0
896 	 1
897 	 1
898 	 0
899 	 0
900 	 0
901 	 0
902 	 1
903 	 0
904 	 0
905 	 0
906 	 0
907 	 0
908 	 0
909 	 0
910 	 0
911 	 0
912 	 0
913 	 1
914 	 0
915 	 0
916 	 1
917 	 0
918 	 0
919 	 0
920 	 0
921 	 0
922 	 0
923 	 0
924 	 0
925 	 0
926 	 0
927 	 0
928 	 0
929 	 0
930 	 0
931 	 0
932 	 0
933 	 0
934 	 0
935 	 0
936 	 0
937 	 0
938 	 0
939 	 0
940 	 0
941 	 0
942 	 0
943 	 0
944 	 0
945 	 0
946 	 0
947 	 0
948 	 0
949 	 0
950 	 0
951 	 0
952 	 0
953 	 0
954 	 0
955 	 1
956 	 0
957 	 0
958 	 0
959 	 0
960 	 0
961 	 0
962 	 0
963 	 0
964 	 0
965 	 0
966 	 0
967 	 0
968 	 0
969 	 0
970 	 0
971 	 0
972 	 1
973 	 0
974 	 0
975 	 0
976 	 0
977 	 0
978 	 0
979 	 0
980 	 0
981 	 0
982 	 0
983 	 0
984 	 0
985 	 0
986 	 0
987 	 0
988 	 0
989 	 0
990 	 0
991 	 0
992 	 0
993 	 0
994 	 0
995 	 0
996 	 0
997 	 0
998 	 0
999 	 0
1000 	 0
1001 	 0
1002 	 0
1003 	 0
1004 	 0
1005 	 0
1006 	 0
1007 	 0
1008 	 0
1009 	 0
1010 	 0
1011 	 0
1012 	 0
1013 	 0
1014 	 0
1015 	 1
1016 	 0
1017 	 0
1018 	 0
1019 	 0
1020 	 0
1021 	 0
1022 	 0
1023 	 0


# Energy calibration zero intercept, 0.0 for uncalibrated spectrum: 0.00000
# Energy calibration slope, 1.0 for uncalibrated spectrum: 0.00000
# Energy calibration quadratic term, 0.0 for uncalibrated spectrum: 0.00000
# Peak shape calibration zero intercept, 1.0 for uncalibrated spectrum: 1.00000
# Peak shape calibration slope, 0.0 for uncalibrated spectrum: 0.00000
# Peak shape calibration quadratic term, 0.0 for uncalibrated spectrum: 0.00000
# Detector description: 
# Sample description: 
