SpectrumName : C27.SPC
XUnit        : 
YUnit        : 
Length       : 1024
SubSpcNum    : 1
StartSubSpc  : 0
StopSubSpc   : 0
Comment      : 
Realtime     : 87.350
Livetime     : 87.170
Deadtime     : 0.180
FastChannel  : 4618
Starttime    : 31.12.1999 15:55:10
Stoptime     : 31.12.1999 15:56:37
CalibCoeff   : a=0.000000000E+000 b=0.000000000E+000 c=0.000000000E+000 d=0.000000000E+000
SpectrumText : 0 
0,0,0,0,0,0,0,0
1,0,1,5,9,2,8,10
10,13,7,4,12,8,6,8
8,10,11,9,11,8,12,10
11,7,11,12,11,15,8,12
7,16,22,18,12,11,8,9
13,20,18,13,10,12,15,19
23,16,28,15,17,24,20,21
16,18,15,26,22,20,20,22
16,24,19,23,16,20,15,22
19,19,18,17,14,19,17,26
15,23,21,19,19,22,23,13
23,14,21,22,9,12,17,24
21,10,22,9,14,18,14,17
15,16,12,13,10,13,14,9
14,18,15,12,17,18,9,14
13,16,14,7,9,12,8,19
15,13,11,8,20,17,17,11
15,15,11,12,16,14,8,9
6,11,8,13,10,12,13,11
7,9,7,20,8,16,11,7
16,10,12,11,12,4,14,9
10,11,14,9,17,14,13,9
9,11,10,14,12,11,14,7
7,6,14,9,16,15,11,6
9,8,4,8,3,9,4,9
9,9,6,4,4,5,4,5
4,10,4,7,9,5,4,6
3,2,4,1,2,6,7,6
3,2,2,5,4,6,7,3
7,3,5,4,6,6,2,0
5,4,4,2,5,6,5,7
8,11,2,3,5,12,8,10
7,11,14,6,17,15,15,19
21,28,32,31,42,41,38,45
44,65,53,62,47,58,67,67
38,56,58,37,29,39,33,26
17,32,26,22,14,13,13,5
4,6,6,3,1,3,2,2
2,0,0,2,1,1,0,2
0,0,2,1,2,3,2,0
0,1,1,0,0,1,2,0
0,1,1,3,0,3,1,0
3,2,1,0,3,2,2,1
0,0,2,0,1,1,1,0
1,0,2,0,1,0,0,0
0,0,2,2,4,0,2,1
1,2,0,1,1,0,1,2
0,0,0,2,1,1,2,2
0,1,0,0,0,1,1,1
0,0,0,1,1,0,1,0
0,0,2,0,1,1,0,1
2,2,0,1,2,2,2,1
0,2,0,1,0,0,0,0
0,0,0,0,1,0,0,0
1,1,1,0,0,0,0,0
0,0,1,0,1,0,0,0
1,1,0,0,1,0,0,0
1,1,0,0,0,2,0,1
1,2,0,2,1,0,0,0
0,0,0,0,0,0,0,0
3,1,3,0,0,0,0,2
0,0,1,1,0,0,0,1
0,0,0,1,0,1,0,2
0,0,0,0,0,1,0,0
1,0,2,0,1,1,0,1
0,0,0,1,0,0,0,0
0,1,0,0,0,0,0,1
1,1,0,0,0,0,0,0
1,0,1,0,0,0,0,1
0,0,0,0,0,0,0,0
1,0,1,1,0,0,0,0
1,0,0,0,0,0,0,0
0,0,1,1,0,0,0,1
0,0,2,0,1,0,0,1
1,0,0,0,0,1,2,1
1,0,0,1,0,0,2,0
1,1,0,2,1,0,0,1
1,1,0,0,0,0,0,0
0,0,0,1,1,0,0,1
0,0,0,0,0,0,0,0
0,0,1,0,0,2,0,0
0,0,0,0,0,0,0,0
0,1,0,0,0,0,0,1
0,0,0,0,0,0,0,0
0,0,0,0,0,0,0,0
1,0,0,1,0,0,0,0
0,0,0,1,1,0,0,0
0,0,0,0,0,0,0,0
0,0,1,0,0,0,1,0
0,0,0,0,1,0,0,0
0,0,0,0,0,0,0,0
0,0,0,0,0,1,0,1
0,0,0,0,0,0,0,0
0,0,0,0,0,0,0,0
0,0,0,0,0,0,0,0
0,0,0,0,0,0,1,0
0,0,0,0,0,0,0,0
0,0,0,0,0,0,0,0
0,0,1,0,1,0,0,0
0,0,1,0,0,1,0,0
0,0,0,1,0,0,0,0
0,0,0,0,1,0,1,0
0,0,0,0,0,0,0,0
0,0,0,0,0,0,0,0
0,0,0,0,0,0,0,1
0,0,0,0,0,0,0,0
0,0,0,0,2,1,0,0
1,0,0,0,0,1,0,0
0,0,0,0,0,0,1,0
0,1,0,0,2,0,0,0
0,1,0,0,0,1,0,0
0,0,0,0,0,0,1,0
0,0,0,0,0,0,0,0
0,0,0,0,0,0,0,0
0,0,0,0,0,0,0,0
0,0,0,0,0,0,0,0
0,0,0,0,0,0,0,0
0,0,1,0,0,0,0,1
0,0,0,0,0,0,0,0
0,0,0,0,0,0,0,0
0,0,0,0,0,0,0,0
0,0,0,0,0,0,0,0
0,0,0,0,0,0,0,0
0,0,0,0,0,0,0,0
0,0,0,0,1,0,0,0
0,0,0,0,0,0,0,0
0,0,0,0,0,0,0,0
