SpectrumName : C28.SPC
XUnit        : 
YUnit        : 
Length       : 1024
SubSpcNum    : 1
StartSubSpc  : 0
StopSubSpc   : 0
Comment      : 
Realtime     : 431.720
Livetime     : 428.820
Deadtime     : 2.900
FastChannel  : 11632
Starttime    : 31.12.1999 11:03:27
Stoptime     : 31.12.1999 11:10:39
CalibCoeff   : a=0.000000000E+000 b=0.000000000E+000 c=0.000000000E+000 d=0.000000000E+000
SpectrumText : 0 
0,0,0,0,0,0,0,0
0,3,4,8,13,16,18,19
17,19,19,18,24,20,28,29
27,28,24,27,35,22,35,34
28,37,34,38,27,33,34,35
41,42,48,43,43,67,76,55
46,53,47,70,69,60,75,64
63,67,67,68,77,66,71,72
68,72,62,76,68,76,46,86
78,65,77,80,75,66,60,65
69,87,55,61,78,55,74,67
71,69,56,71,53,62,63,60
60,55,51,55,50,47,55,56
56,54,44,44,34,42,48,48
52,43,42,37,40,35,40,52
49,35,38,40,29,29,40,48
32,37,49,33,41,44,30,37
44,34,41,27,28,36,26,28
26,22,25,30,32,26,17,32
20,18,27,31,24,19,22,20
23,28,31,22,24,22,24,26
21,27,21,19,27,22,21,25
18,23,23,24,21,26,24,20
23,24,23,21,20,27,19,28
23,11,14,25,19,21,24,13
18,21,16,17,24,19,14,16
13,17,16,4,20,16,10,11
13,15,21,13,13,10,12,11
12,8,11,13,15,14,9,13
13,10,11,10,10,9,11,11
12,10,11,12,10,9,10,11
11,15,10,16,10,6,10,5
8,18,9,12,14,14,14,14
14,16,20,23,18,27,32,29
31,41,44,49,61,46,34,67
50,56,58,54,57,54,59,45
58,50,54,43,40,33,30,23
24,25,14,14,9,12,18,8
10,12,6,9,5,5,1,6
3,7,4,3,4,7,9,3
8,6,2,5,7,6,2,7
2,5,2,7,1,8,3,3
11,2,3,5,4,6,7,7
2,5,5,4,5,5,3,4
4,2,3,4,3,2,2,3
4,3,3,2,3,3,5,5
5,2,3,5,2,4,3,2
1,2,4,3,4,3,2,4
2,3,4,4,0,2,4,3
4,4,4,5,7,3,3,3
4,7,4,2,9,2,3,4
4,2,6,2,0,1,3,2
2,2,3,4,3,2,4,3
4,4,3,3,0,2,2,2
3,0,2,2,4,4,3,5
5,1,5,3,4,2,3,1
3,5,2,5,2,4,1,6
2,1,5,4,2,5,0,5
4,3,2,3,3,3,3,4
2,1,2,3,5,2,3,3
3,2,3,3,4,4,2,3
2,2,2,2,1,3,0,3
2,1,3,1,0,0,4,1
4,0,2,1,1,2,2,1
4,2,3,4,2,1,0,1
3,3,2,1,1,2,2,3
0,2,1,2,0,4,1,2
1,2,1,2,2,1,2,2
1,2,0,2,1,1,3,1
0,1,0,2,0,1,1,1
2,1,2,4,2,3,3,2
4,3,2,0,1,1,0,2
2,1,1,2,0,4,2,6
1,0,3,3,3,6,1,4
4,3,2,2,3,3,1,4
1,0,5,1,4,2,2,2
0,2,5,3,0,7,3,6
7,3,3,6,2,2,0,3
0,3,0,2,1,3,1,1
1,1,0,0,2,0,3,1
0,0,0,0,2,2,1,1
0,1,0,0,1,2,2,0
2,0,2,1,1,2,1,1
0,0,0,0,0,0,0,2
0,0,0,0,0,0,1,0
0,0,0,0,1,2,0,1
2,0,0,3,0,1,2,0
0,0,0,0,0,1,0,0
0,0,1,0,1,0,0,0
1,1,1,2,1,1,1,1
2,2,1,2,0,2,1,2
0,1,1,0,1,0,0,0
1,0,0,0,0,0,1,0
0,0,1,0,1,1,0,0
1,0,2,0,0,0,2,1
0,0,0,0,0,0,0,2
0,0,1,1,0,0,1,2
2,1,1,0,0,0,0,0
2,0,1,1,0,0,0,0
0,0,1,0,0,0,1,0
1,0,0,0,1,0,1,1
0,0,0,0,0,0,1,0
0,0,0,1,0,0,0,0
0,0,0,0,0,0,0,0
0,0,0,1,0,0,0,1
0,1,0,0,0,1,0,0
0,0,0,0,1,0,1,0
0,0,0,0,0,0,0,2
1,0,0,3,0,0,1,0
0,1,0,0,0,0,1,1
0,0,0,0,1,1,0,1
1,0,0,0,1,0,2,1
0,1,1,0,0,0,1,1
0,0,1,0,1,0,0,0
0,2,1,0,2,1,0,0
1,1,0,1,1,0,2,0
0,0,0,2,1,1,0,1
0,0,1,0,0,0,0,0
1,0,2,0,0,0,1,2
0,1,1,0,0,0,0,0
0,0,1,1,0,0,0,1
0,2,0,1,0,0,1,0
1,0,0,0,0,0,1,0
0,0,0,0,0,0,0,0
0,0,2,0,0,0,0,0
0,0,0,0,0,0,0,1
0,0,0,0,0,1,1,0
0,0,1,0,0,0,0,0
