SpectrumName : C29.SPC
XUnit        : 
YUnit        : 
Length       : 1024
SubSpcNum    : 1
StartSubSpc  : 0
StopSubSpc   : 0
Comment      : 
Realtime     : 600.660
Livetime     : 595.780
Deadtime     : 4.880
FastChannel  : 20952
Starttime    : 31.12.1999 11:34:28
Stoptime     : 31.12.1999 11:32:03
CalibCoeff   : a=0.000000000E+000 b=0.000000000E+000 c=0.000000000E+000 d=0.000000000E+000
SpectrumText : 0 
0,0,0,0,0,0,0,0
2,6,9,20,28,25,21,18
31,38,38,39,42,41,42,35
50,41,35,50,45,60,49,48
59,51,59,50,68,57,67,72
66,67,73,73,70,84,91,86
82,84,106,100,97,105,102,106
98,106,117,100,108,100,106,108
113,112,116,115,126,108,126,119
106,106,96,104,118,94,108,114
108,101,101,95,102,89,100,101
98,103,93,91,77,81,82,96
82,88,99,85,79,85,103,91
83,67,93,79,62,77,70,79
73,73,69,76,85,70,68,59
62,49,63,64,59,52,74,55
61,56,64,47,72,64,65,41
70,59,51,64,69,58,56,53
46,53,50,47,49,50,63,44
52,48,49,45,63,39,43,41
44,46,52,48,47,50,50,54
47,47,40,43,39,42,44,36
37,43,34,39,37,45,42,35
38,28,38,31,53,46,35,43
42,42,31,32,36,44,38,44
25,43,24,26,31,22,29,28
27,26,17,23,21,33,22,16
29,22,17,29,28,17,21,19
20,18,17,29,13,16,18,28
24,16,19,19,27,16,29,10
19,24,20,18,17,15,28,24
20,17,24,22,28,19,19,19
28,20,17,26,22,42,23,33
45,30,37,56,64,49,78,82
89,84,127,114,148,143,145,164
164,185,167,193,183,211,172,192
171,173,146,168,140,117,88,87
72,88,70,57,38,47,21,22
24,15,27,16,12,17,7,10
4,4,10,7,5,7,8,10
5,4,8,5,6,11,9,12
9,5,8,8,4,6,6,4
8,2,2,4,3,5,6,6
6,5,4,5,9,4,3,7
5,3,7,1,4,3,6,5
7,3,10,10,3,6,5,6
4,10,7,3,9,7,6,7
7,5,6,5,6,3,13,2
5,7,6,3,4,5,1,9
9,9,6,5,5,5,2,6
6,5,4,3,5,2,5,5
5,2,6,9,3,3,6,6
7,3,2,1,7,5,3,7
5,3,3,0,10,1,5,5
5,7,2,9,5,6,2,3
4,4,5,1,3,1,4,6
4,5,7,2,3,6,3,4
7,4,6,6,3,5,1,4
3,5,2,2,3,3,3,3
2,4,2,3,5,2,5,6
6,5,1,3,3,3,5,2
8,2,2,7,3,1,3,3
2,1,3,2,4,1,2,0
4,4,1,2,2,1,5,2
1,5,4,2,1,5,2,4
1,6,1,0,4,2,2,2
3,3,0,3,2,7,2,3
3,2,1,0,2,4,1,0
4,2,3,0,2,1,0,1
1,2,3,0,0,4,2,1
1,1,1,1,2,1,1,3
1,2,2,2,2,2,0,2
0,1,1,2,1,1,2,0
3,3,3,1,7,1,3,2
1,1,2,4,6,7,2,6
2,5,7,4,10,2,3,7
4,2,5,3,6,0,6,1
6,3,3,3,0,2,3,0
3,6,1,1,4,2,0,3
2,2,1,0,0,0,1,1
1,2,0,1,0,2,1,1
2,2,1,1,3,3,0,2
1,1,2,0,0,0,1,1
2,2,0,1,0,3,1,0
2,1,1,1,1,1,1,2
0,1,1,0,3,1,2,1
1,3,0,0,1,0,0,0
0,1,0,0,1,2,0,3
1,1,1,0,0,0,1,0
0,2,1,0,1,1,1,0
0,0,0,0,2,0,1,2
1,1,0,0,0,0,1,1
2,1,1,1,1,2,2,1
3,0,1,2,3,1,0,2
1,0,0,2,1,0,1,0
0,2,1,0,0,0,0,0
1,0,0,0,1,0,1,1
0,1,1,1,0,1,0,0
0,0,1,0,2,0,0,0
0,0,0,0,1,0,0,0
0,0,4,0,0,0,3,0
0,1,0,1,0,0,3,1
0,0,0,0,0,0,1,2
1,0,0,0,1,1,0,0
0,2,1,0,1,0,1,0
0,2,0,0,2,1,0,0
0,0,2,0,0,0,1,0
0,1,0,0,0,1,0,0
1,0,1,0,0,1,0,1
0,0,0,1,1,0,0,0
0,1,0,0,0,0,0,1
0,0,0,0,1,1,2,1
0,0,1,0,2,0,0,0
1,0,1,0,0,1,0,0
0,1,2,0,1,1,0,1
0,1,2,0,1,0,0,1
0,1,0,0,0,1,0,0
0,1,0,1,0,0,1,0
1,1,1,0,1,0,0,0
0,0,2,0,0,0,2,1
0,0,0,0,0,0,0,0
1,0,0,2,0,1,0,0
0,0,0,1,0,0,2,1
0,1,0,0,0,1,1,0
0,0,1,0,1,0,0,0
0,0,0,0,1,0,1,0
0,0,0,0,1,0,0,1
0,0,2,0,0,0,0,0
