SpectrumName : C31.SPC
XUnit        : 
YUnit        : 
Length       : 1024
SubSpcNum    : 1
StartSubSpc  : 0
StopSubSpc   : 0
Comment      : 
Realtime     : 508.140
Livetime     : 507.100
Deadtime     : 1.040
FastChannel  : 33990
Starttime    : 31.12.1999 12:27:54
Stoptime     : 31.12.1999 12:36:23
CalibCoeff   : a=0.000000000E+000 b=0.000000000E+000 c=0.000000000E+000 d=0.000000000E+000
SpectrumText : 0 
0,0,0,0,0,0,0,0
1,5,21,31,39,35,48,55
55,48,57,58,70,70,78,60
65,82,83,75,58,68,77,78
89,99,88,97,86,79,87,76
106,116,95,100,110,78,96,108
105,101,127,134,140,115,119,130
133,128,137,135,157,146,125,145
143,127,143,152,143,139,124,141
140,151,130,127,128,145,139,129
129,119,133,116,119,152,118,137
136,120,151,134,143,120,135,105
117,112,110,120,100,115,114,133
109,106,115,102,115,103,130,117
119,87,98,101,83,103,110,95
89,87,105,102,92,92,95,100
83,103,96,95,78,89,99,108
75,90,101,89,93,83,93,85
82,81,107,67,100,75,91,79
79,87,99,84,89,70,72,71
79,94,76,72,68,77,88,79
82,70,72,78,71,81,80,71
67,83,84,76,68,73,71,90
81,81,83,77,89,80,83,85
75,97,59,68,65,69,72,77
64,67,55,47,50,59,45,51
55,56,38,46,27,43,50,37
36,36,46,43,30,28,36,32
28,36,34,29,33,34,31,28
27,22,37,36,26,24,23,38
30,37,28,25,38,27,32,36
40,23,27,35,34,39,38,30
52,44,46,51,45,57,65,63
85,86,90,114,124,146,163,164
226,229,245,271,329,327,347,406
375,437,486,459,479,515,440,437
466,446,410,388,344,321,255,228
206,203,172,137,102,96,62,64
53,46,36,23,29,12,10,8
7,6,2,7,8,4,7,6
8,8,4,5,6,5,2,3
6,3,6,3,4,5,7,9
11,4,2,6,3,8,3,10
3,5,7,2,4,4,7,4
5,3,5,3,5,5,3,2
6,3,9,2,5,6,1,4
7,2,2,4,8,7,3,3
3,5,4,3,4,4,7,6
3,4,4,0,6,4,4,7
7,8,4,6,1,9,3,6
3,5,4,6,6,7,4,4
6,2,6,3,3,5,5,6
3,2,2,5,4,4,3,9
1,5,7,2,5,2,5,5
2,3,1,4,5,3,3,2
5,0,4,3,4,1,3,2
4,2,2,3,3,4,0,2
2,3,2,6,1,4,1,4
3,3,5,5,3,4,3,5
2,2,3,0,2,2,4,0
1,2,2,4,5,2,4,7
0,3,3,5,7,2,1,6
1,5,2,3,1,2,2,2
4,5,2,1,2,4,4,1
1,1,3,1,2,3,2,2
1,0,2,0,2,1,5,1
2,1,5,3,1,1,2,1
3,0,2,2,2,0,1,0
1,1,0,2,1,4,1,1
1,1,3,1,7,2,1,0
1,3,2,2,2,4,2,5
4,3,1,2,1,0,0,0
1,2,2,1,1,2,4,1
0,3,2,0,1,0,2,4
2,2,3,3,0,5,3,4
4,5,6,0,5,6,3,4
9,5,4,1,6,4,7,1
6,3,3,3,5,6,2,2
4,6,3,0,0,4,2,2
1,0,0,4,1,2,1,1
0,0,0,0,1,1,1,1
1,1,0,0,2,1,3,1
1,1,0,1,0,3,0,3
2,1,2,3,1,1,4,0
1,1,0,1,0,0,0,0
2,0,0,2,0,0,2,0
1,0,0,2,0,1,3,1
0,0,0,0,0,0,1,0
0,0,0,0,1,0,1,1
1,0,1,0,0,0,0,0
1,1,1,0,0,1,2,0
0,1,2,0,0,0,0,1
0,0,1,1,0,0,0,1
2,0,0,1,2,1,0,1
0,2,1,1,1,1,1,1
0,1,0,0,0,1,1,0
1,0,0,0,0,0,1,0
0,0,0,0,0,0,1,0
0,2,1,1,1,1,0,0
0,0,0,1,2,0,0,0
0,0,0,0,1,0,0,1
0,0,0,0,2,1,1,0
2,2,0,0,0,1,0,0
1,0,0,0,0,1,0,0
0,0,0,1,0,1,0,0
1,0,0,0,0,0,0,0
0,0,0,0,0,0,1,0
1,0,0,0,0,0,0,1
0,2,1,1,0,0,0,1
2,0,1,0,0,0,0,0
0,0,0,0,0,1,0,0
0,0,0,2,1,0,1,2
0,1,0,1,0,1,0,0
0,0,0,0,0,2,1,0
2,1,0,1,0,0,0,0
1,0,0,1,1,0,1,1
0,1,1,0,0,1,0,0
0,0,0,0,0,1,1,0
1,0,0,1,0,0,0,0
1,0,0,0,0,0,0,1
0,1,0,0,1,1,1,0
0,0,1,1,0,0,0,0
0,0,2,1,0,0,0,0
1,1,0,0,0,0,0,0
0,0,0,0,0,0,0,0
0,0,0,0,0,0,0,0
0,0,0,0,0,0,0,0
0,0,0,1,0,0,0,0
