# Converted file from inputfile C310.CHN
# MCA number or Detector number: 1
# Segment number (set to 1 in UMCBI): 1
# ASCII seconds of start time: 14643
# Real Time (s): 639.980
# Live Time (s) : 637.780
# Start Date (DDMMMYY): 31DEC99
# Start time (HHMM): 1357
# Channel offset of data: 0
# Number of channels (length of data): 1024

# Data: 

0 	 0
1 	 0
2 	 0
3 	 0
4 	 0
5 	 0
6 	 0
7 	 0
8 	 1
9 	 5
10 	 7
11 	 40
12 	 51
13 	 29
14 	 49
15 	 48
16 	 68
17 	 60
18 	 85
19 	 63
20 	 47
21 	 59
22 	 58
23 	 60
24 	 74
25 	 72
26 	 59
27 	 84
28 	 68
29 	 65
30 	 81
31 	 87
32 	 87
33 	 92
34 	 72
35 	 84
36 	 84
37 	 78
38 	 98
39 	 108
40 	 99
41 	 74
42 	 91
43 	 105
44 	 100
45 	 104
46 	 123
47 	 113
48 	 119
49 	 118
50 	 133
51 	 129
52 	 142
53 	 120
54 	 146
55 	 124
56 	 140
57 	 129
58 	 143
59 	 146
60 	 163
61 	 150
62 	 151
63 	 152
64 	 142
65 	 145
66 	 160
67 	 134
68 	 148
69 	 155
70 	 166
71 	 172
72 	 161
73 	 139
74 	 160
75 	 159
76 	 148
77 	 154
78 	 166
79 	 134
80 	 155
81 	 159
82 	 154
83 	 132
84 	 161
85 	 143
86 	 173
87 	 135
88 	 147
89 	 142
90 	 159
91 	 141
92 	 116
93 	 128
94 	 127
95 	 140
96 	 136
97 	 135
98 	 117
99 	 128
100 	 105
101 	 124
102 	 114
103 	 112
104 	 125
105 	 149
106 	 118
107 	 129
108 	 112
109 	 129
110 	 129
111 	 102
112 	 115
113 	 104
114 	 116
115 	 103
116 	 80
117 	 97
118 	 111
119 	 99
120 	 91
121 	 99
122 	 96
123 	 82
124 	 98
125 	 100
126 	 97
127 	 107
128 	 103
129 	 99
130 	 85
131 	 83
132 	 95
133 	 100
134 	 98
135 	 112
136 	 90
137 	 93
138 	 73
139 	 96
140 	 100
141 	 92
142 	 81
143 	 93
144 	 109
145 	 79
146 	 79
147 	 78
148 	 82
149 	 85
150 	 91
151 	 78
152 	 74
153 	 86
154 	 74
155 	 81
156 	 82
157 	 65
158 	 82
159 	 79
160 	 78
161 	 80
162 	 67
163 	 87
164 	 73
165 	 57
166 	 78
167 	 81
168 	 65
169 	 67
170 	 65
171 	 77
172 	 76
173 	 76
174 	 80
175 	 77
176 	 89
177 	 73
178 	 81
179 	 71
180 	 80
181 	 68
182 	 84
183 	 83
184 	 72
185 	 61
186 	 65
187 	 78
188 	 71
189 	 68
190 	 68
191 	 71
192 	 71
193 	 66
194 	 72
195 	 64
196 	 72
197 	 68
198 	 69
199 	 55
200 	 66
201 	 57
202 	 54
203 	 45
204 	 71
205 	 40
206 	 49
207 	 43
208 	 54
209 	 50
210 	 40
211 	 35
212 	 39
213 	 39
214 	 47
215 	 32
216 	 37
217 	 36
218 	 33
219 	 29
220 	 35
221 	 32
222 	 30
223 	 33
224 	 30
225 	 28
226 	 50
227 	 28
228 	 39
229 	 33
230 	 38
231 	 29
232 	 33
233 	 33
234 	 38
235 	 28
236 	 27
237 	 21
238 	 19
239 	 24
240 	 25
241 	 29
242 	 32
243 	 33
244 	 27
245 	 32
246 	 31
247 	 37
248 	 25
249 	 32
250 	 39
251 	 27
252 	 31
253 	 31
254 	 39
255 	 32
256 	 39
257 	 46
258 	 29
259 	 38
260 	 31
261 	 55
262 	 58
263 	 63
264 	 71
265 	 88
266 	 84
267 	 99
268 	 116
269 	 132
270 	 161
271 	 175
272 	 184
273 	 220
274 	 224
275 	 306
276 	 310
277 	 358
278 	 372
279 	 388
280 	 428
281 	 430
282 	 412
283 	 452
284 	 462
285 	 489
286 	 483
287 	 427
288 	 419
289 	 379
290 	 402
291 	 352
292 	 348
293 	 296
294 	 266
295 	 263
296 	 202
297 	 190
298 	 161
299 	 138
300 	 109
301 	 97
302 	 77
303 	 53
304 	 48
305 	 46
306 	 38
307 	 21
308 	 19
309 	 18
310 	 19
311 	 10
312 	 9
313 	 7
314 	 7
315 	 7
316 	 10
317 	 10
318 	 7
319 	 13
320 	 8
321 	 7
322 	 6
323 	 7
324 	 3
325 	 7
326 	 7
327 	 15
328 	 4
329 	 10
330 	 4
331 	 9
332 	 7
333 	 9
334 	 4
335 	 11
336 	 5
337 	 8
338 	 4
339 	 8
340 	 5
341 	 7
342 	 5
343 	 4
344 	 10
345 	 8
346 	 6
347 	 8
348 	 4
349 	 2
350 	 3
351 	 8
352 	 6
353 	 6
354 	 3
355 	 4
356 	 2
357 	 3
358 	 7
359 	 6
360 	 5
361 	 5
362 	 6
363 	 3
364 	 9
365 	 3
366 	 11
367 	 4
368 	 8
369 	 8
370 	 4
371 	 9
372 	 6
373 	 12
374 	 10
375 	 9
376 	 2
377 	 10
378 	 6
379 	 6
380 	 5
381 	 8
382 	 9
383 	 2
384 	 10
385 	 9
386 	 5
387 	 6
388 	 6
389 	 6
390 	 5
391 	 9
392 	 6
393 	 7
394 	 4
395 	 2
396 	 3
397 	 6
398 	 8
399 	 4
400 	 5
401 	 6
402 	 4
403 	 6
404 	 6
405 	 3
406 	 5
407 	 3
408 	 2
409 	 6
410 	 8
411 	 4
412 	 5
413 	 6
414 	 6
415 	 6
416 	 8
417 	 3
418 	 2
419 	 6
420 	 8
421 	 2
422 	 9
423 	 7
424 	 4
425 	 5
426 	 6
427 	 2
428 	 3
429 	 4
430 	 0
431 	 6
432 	 3
433 	 2
434 	 2
435 	 0
436 	 6
437 	 7
438 	 11
439 	 5
440 	 3
441 	 2
442 	 6
443 	 4
444 	 9
445 	 4
446 	 6
447 	 4
448 	 8
449 	 1
450 	 4
451 	 6
452 	 2
453 	 3
454 	 2
455 	 4
456 	 5
457 	 1
458 	 7
459 	 6
460 	 5
461 	 3
462 	 4
463 	 2
464 	 4
465 	 5
466 	 4
467 	 5
468 	 4
469 	 3
470 	 3
471 	 7
472 	 4
473 	 3
474 	 4
475 	 4
476 	 2
477 	 6
478 	 3
479 	 7
480 	 4
481 	 4
482 	 3
483 	 5
484 	 5
485 	 5
486 	 3
487 	 5
488 	 4
489 	 9
490 	 3
491 	 2
492 	 5
493 	 2
494 	 3
495 	 5
496 	 4
497 	 3
498 	 2
499 	 3
500 	 4
501 	 1
502 	 4
503 	 2
504 	 3
505 	 1
506 	 3
507 	 3
508 	 5
509 	 2
510 	 4
511 	 5
512 	 2
513 	 1
514 	 5
515 	 4
516 	 7
517 	 3
518 	 5
519 	 5
520 	 1
521 	 3
522 	 3
523 	 4
524 	 3
525 	 5
526 	 5
527 	 4
528 	 1
529 	 0
530 	 1
531 	 2
532 	 3
533 	 0
534 	 2
535 	 1
536 	 4
537 	 1
538 	 2
539 	 1
540 	 4
541 	 3
542 	 2
543 	 3
544 	 3
545 	 2
546 	 2
547 	 1
548 	 1
549 	 1
550 	 1
551 	 4
552 	 2
553 	 1
554 	 2
555 	 3
556 	 1
557 	 3
558 	 4
559 	 1
560 	 1
561 	 0
562 	 7
563 	 3
564 	 0
565 	 0
566 	 1
567 	 2
568 	 1
569 	 3
570 	 3
571 	 4
572 	 1
573 	 2
574 	 4
575 	 2
576 	 0
577 	 2
578 	 3
579 	 1
580 	 1
581 	 4
582 	 4
583 	 6
584 	 4
585 	 4
586 	 5
587 	 3
588 	 0
589 	 1
590 	 4
591 	 6
592 	 3
593 	 5
594 	 4
595 	 1
596 	 3
597 	 5
598 	 4
599 	 3
600 	 5
601 	 9
602 	 2
603 	 6
604 	 3
605 	 7
606 	 3
607 	 3
608 	 8
609 	 5
610 	 3
611 	 7
612 	 7
613 	 4
614 	 3
615 	 2
616 	 4
617 	 6
618 	 0
619 	 7
620 	 5
621 	 1
622 	 5
623 	 3
624 	 4
625 	 6
626 	 3
627 	 2
628 	 4
629 	 3
630 	 2
631 	 2
632 	 1
633 	 3
634 	 3
635 	 1
636 	 2
637 	 1
638 	 0
639 	 4
640 	 3
641 	 0
642 	 0
643 	 1
644 	 0
645 	 1
646 	 0
647 	 2
648 	 1
649 	 1
650 	 2
651 	 1
652 	 2
653 	 1
654 	 0
655 	 0
656 	 0
657 	 1
658 	 0
659 	 1
660 	 0
661 	 1
662 	 0
663 	 1
664 	 0
665 	 3
666 	 1
667 	 1
668 	 2
669 	 2
670 	 0
671 	 2
672 	 1
673 	 1
674 	 1
675 	 1
676 	 1
677 	 0
678 	 2
679 	 1
680 	 1
681 	 1
682 	 2
683 	 0
684 	 0
685 	 0
686 	 0
687 	 0
688 	 0
689 	 1
690 	 1
691 	 0
692 	 0
693 	 1
694 	 1
695 	 1
696 	 0
697 	 2
698 	 0
699 	 0
700 	 0
701 	 0
702 	 1
703 	 0
704 	 1
705 	 0
706 	 1
707 	 0
708 	 0
709 	 2
710 	 0
711 	 0
712 	 2
713 	 0
714 	 1
715 	 1
716 	 0
717 	 0
718 	 2
719 	 1
720 	 0
721 	 0
722 	 1
723 	 1
724 	 1
725 	 0
726 	 1
727 	 3
728 	 1
729 	 0
730 	 1
731 	 0
732 	 2
733 	 1
734 	 2
735 	 0
736 	 3
737 	 1
738 	 2
739 	 1
740 	 1
741 	 1
742 	 1
743 	 0
744 	 0
745 	 1
746 	 1
747 	 0
748 	 0
749 	 0
750 	 1
751 	 0
752 	 0
753 	 0
754 	 0
755 	 0
756 	 1
757 	 0
758 	 0
759 	 0
760 	 1
761 	 1
762 	 2
763 	 1
764 	 0
765 	 0
766 	 1
767 	 1
768 	 1
769 	 1
770 	 0
771 	 0
772 	 2
773 	 2
774 	 1
775 	 1
776 	 3
777 	 0
778 	 1
779 	 0
780 	 0
781 	 1
782 	 0
783 	 1
784 	 0
785 	 0
786 	 0
787 	 1
788 	 1
789 	 0
790 	 1
791 	 1
792 	 1
793 	 0
794 	 0
795 	 0
796 	 0
797 	 0
798 	 0
799 	 1
800 	 0
801 	 0
802 	 1
803 	 0
804 	 0
805 	 0
806 	 1
807 	 0
808 	 0
809 	 1
810 	 0
811 	 1
812 	 0
813 	 2
814 	 0
815 	 2
816 	 0
817 	 2
818 	 3
819 	 0
820 	 1
821 	 0
822 	 0
823 	 0
824 	 0
825 	 0
826 	 1
827 	 0
828 	 0
829 	 0
830 	 1
831 	 0
832 	 0
833 	 1
834 	 1
835 	 1
836 	 0
837 	 0
838 	 0
839 	 0
840 	 0
841 	 0
842 	 0
843 	 2
844 	 1
845 	 0
846 	 0
847 	 0
848 	 1
849 	 0
850 	 0
851 	 0
852 	 0
853 	 0
854 	 0
855 	 0
856 	 0
857 	 0
858 	 0
859 	 0
860 	 0
861 	 1
862 	 0
863 	 0
864 	 4
865 	 1
866 	 0
867 	 1
868 	 0
869 	 1
870 	 0
871 	 1
872 	 1
873 	 0
874 	 0
875 	 2
876 	 0
877 	 1
878 	 0
879 	 1
880 	 1
881 	 0
882 	 1
883 	 1
884 	 1
885 	 0
886 	 0
887 	 0
888 	 0
889 	 0
890 	 1
891 	 0
892 	 0
893 	 2
894 	 0
895 	 2
896 	 0
897 	 1
898 	 0
899 	 0
900 	 0
901 	 1
902 	 2
903 	 4
904 	 0
905 	 0
906 	 0
907 	 1
908 	 0
909 	 1
910 	 1
911 	 1
912 	 1
913 	 0
914 	 2
915 	 1
916 	 0
917 	 0
918 	 0
919 	 0
920 	 1
921 	 0
922 	 2
923 	 1
924 	 1
925 	 1
926 	 0
927 	 0
928 	 0
929 	 0
930 	 0
931 	 1
932 	 0
933 	 2
934 	 0
935 	 2
936 	 1
937 	 1
938 	 2
939 	 0
940 	 0
941 	 1
942 	 0
943 	 0
944 	 0
945 	 0
946 	 0
947 	 1
948 	 1
949 	 0
950 	 0
951 	 0
952 	 0
953 	 0
954 	 0
955 	 0
956 	 2
957 	 0
958 	 0
959 	 0
960 	 1
961 	 0
962 	 2
963 	 0
964 	 0
965 	 0
966 	 0
967 	 0
968 	 0
969 	 1
970 	 1
971 	 0
972 	 1
973 	 1
974 	 0
975 	 0
976 	 0
977 	 0
978 	 0
979 	 0
980 	 1
981 	 0
982 	 0
983 	 0
984 	 0
985 	 1
986 	 0
987 	 0
988 	 1
989 	 0
990 	 0
991 	 0
992 	 0
993 	 1
994 	 0
995 	 0
996 	 0
997 	 0
998 	 0
999 	 0
1000 	 1
1001 	 0
1002 	 0
1003 	 0
1004 	 1
1005 	 0
1006 	 0
1007 	 0
1008 	 0
1009 	 0
1010 	 0
1011 	 0
1012 	 1
1013 	 0
1014 	 0
1015 	 0
1016 	 0
1017 	 1
1018 	 0
1019 	 0
1020 	 0
1021 	 1
1022 	 2
1023 	 0


# Energy calibration zero intercept, 0.0 for uncalibrated spectrum: 0.00000
# Energy calibration slope, 1.0 for uncalibrated spectrum: 0.00000
# Energy calibration quadratic term, 0.0 for uncalibrated spectrum: 0.00000
# Peak shape calibration zero intercept, 1.0 for uncalibrated spectrum: 1.00000
# Peak shape calibration slope, 0.0 for uncalibrated spectrum: 0.00000
# Peak shape calibration quadratic term, 0.0 for uncalibrated spectrum: 0.00000
# Detector description: 
# Sample description: 
