SpectrumName : C310.SPC
XUnit        : 
YUnit        : 
Length       : 1024
SubSpcNum    : 1
StartSubSpc  : 0
StopSubSpc   : 0
Comment      : 
Realtime     : 639.970
Livetime     : 637.780
Deadtime     : 2.190
FastChannel  : 34806
Starttime    : 31.12.1999 13:57:39
Stoptime     : 31.12.1999 14:08:20
CalibCoeff   : a=0.000000000E+000 b=0.000000000E+000 c=0.000000000E+000 d=0.000000000E+000
SpectrumText : 0 
0,0,0,0,0,0,0,0
1,5,7,40,51,29,49,48
68,60,85,63,47,59,58,60
74,72,59,84,68,65,81,87
87,92,72,84,84,78,98,108
99,74,91,105,100,104,123,113
119,118,133,129,142,120,146,124
140,129,143,146,163,150,151,152
142,145,160,134,148,155,166,172
161,139,160,159,148,154,166,134
155,159,154,132,161,143,173,135
147,142,159,141,116,128,127,140
136,135,117,128,105,124,114,112
125,149,118,129,112,129,129,102
115,104,116,103,80,97,111,99
91,99,96,82,98,100,97,107
103,99,85,83,95,100,98,112
90,93,73,96,100,92,81,93
109,79,79,78,82,85,91,78
74,86,74,81,82,65,82,79
78,80,67,87,73,57,78,81
65,67,65,77,76,76,80,77
89,73,81,71,80,68,84,83
72,61,65,78,71,68,68,71
71,66,72,64,72,68,69,55
66,57,54,45,71,40,49,43
54,50,40,35,39,39,47,32
37,36,33,29,35,32,30,33
30,28,50,28,39,33,38,29
33,33,38,28,27,21,19,24
25,29,32,33,27,32,31,37
25,32,39,27,31,31,39,32
39,46,29,38,31,55,58,63
71,88,84,99,116,132,161,175
184,220,224,306,310,358,372,388
428,430,412,452,462,489,483,427
419,379,402,352,348,296,266,263
202,190,161,138,109,97,77,53
48,46,38,21,19,18,19,10
9,7,7,7,10,10,7,13
8,7,6,7,3,7,7,15
4,10,4,9,7,9,4,11
5,8,4,8,5,7,5,4
10,8,6,8,4,2,3,8
6,6,3,4,2,3,7,6
5,5,6,3,9,3,11,4
8,8,4,9,6,12,10,9
2,10,6,6,5,8,9,2
10,9,5,6,6,6,5,9
6,7,4,2,3,6,8,4
5,6,4,6,6,3,5,3
2,6,8,4,5,6,6,6
8,3,2,6,8,2,9,7
4,5,6,2,3,4,0,6
3,2,2,0,6,7,11,5
3,2,6,4,9,4,6,4
8,1,4,6,2,3,2,4
5,1,7,6,5,3,4,2
4,5,4,5,4,3,3,7
4,3,4,4,2,6,3,7
4,4,3,5,5,5,3,5
4,9,3,2,5,2,3,5
4,3,2,3,4,1,4,2
3,1,3,3,5,2,4,5
2,1,5,4,7,3,5,5
1,3,3,4,3,5,5,4
1,0,1,2,3,0,2,1
4,1,2,1,4,3,2,3
3,2,2,1,1,1,1,4
2,1,2,3,1,3,4,1
1,0,7,3,0,0,1,2
1,3,3,4,1,2,4,2
0,2,3,1,1,4,4,6
4,4,5,3,0,1,4,6
3,5,4,1,3,5,4,3
5,9,2,6,3,7,3,3
8,5,3,7,7,4,3,2
4,6,0,7,5,1,5,3
4,6,3,2,4,3,2,2
1,3,3,1,2,1,0,4
3,0,0,1,0,1,0,2
1,1,2,1,2,1,0,0
0,1,0,1,0,1,0,1
0,3,1,1,2,2,0,2
1,1,1,1,1,0,2,1
1,1,2,0,0,0,0,0
0,1,1,0,0,1,1,1
0,2,0,0,0,0,1,0
1,0,1,0,0,2,0,0
2,0,1,1,0,0,2,1
0,0,1,1,1,0,1,3
1,0,1,0,2,1,2,0
3,1,2,1,1,1,1,0
0,1,1,0,0,0,1,0
0,0,0,0,1,0,0,0
1,1,2,1,0,0,1,1
1,1,0,0,2,2,1,1
3,0,1,0,0,1,0,1
0,0,0,1,1,0,1,1
1,0,0,0,0,0,0,1
0,0,1,0,0,0,1,0
0,1,0,1,0,2,0,2
0,2,3,0,1,0,0,0
0,0,1,0,0,0,1,0
0,1,1,1,0,0,0,0
0,0,0,2,1,0,0,0
1,0,0,0,0,0,0,0
0,0,0,0,0,1,0,0
4,1,0,1,0,1,0,1
1,0,0,2,0,1,0,1
1,0,1,1,1,0,0,0
0,0,1,0,0,2,0,2
0,1,0,0,0,1,2,4
0,0,0,1,0,1,1,1
1,0,2,1,0,0,0,0
1,0,2,1,1,1,0,0
0,0,0,1,0,2,0,2
1,1,2,0,0,1,0,0
0,0,0,1,1,0,0,0
0,0,0,0,2,0,0,0
1,0,2,0,0,0,0,0
0,1,1,0,1,1,0,0
0,0,0,0,1,0,0,0
0,1,0,0,1,0,0,0
0,1,0,0,0,0,0,0
1,0,0,0,1,0,0,0
0,0,0,0,1,0,0,0
0,1,0,0,0,1,2,0
