SpectrumName : C311.SPC
XUnit        : 
YUnit        : 
Length       : 1024
SubSpcNum    : 1
StartSubSpc  : 0
StopSubSpc   : 0
Comment      : 
Realtime     : 914.690
Livetime     : 910.660
Deadtime     : 4.030
FastChannel  : 41870
Starttime    : 31.12.1999 14:09:06
Stoptime     : 31.12.1999 14:24:21
CalibCoeff   : a=0.000000000E+000 b=0.000000000E+000 c=0.000000000E+000 d=0.000000000E+000
SpectrumText : 0 
0,0,0,0,0,0,0,0
1,14,23,31,50,59,66,68
66,82,94,77,85,95,80,75
81,77,73,86,97,85,85,117
102,91,101,119,115,110,130,98
136,125,128,153,126,137,164,156
176,162,177,188,172,195,180,175
176,199,176,185,208,159,198,186
223,185,173,191,194,206,188,177
184,182,188,211,202,205,202,205
193,185,193,182,192,219,203,192
182,159,170,181,189,147,158,157
154,175,188,152,199,173,141,165
167,163,158,131,149,150,139,136
127,146,140,141,127,135,143,120
143,139,112,105,126,157,123,111
146,126,113,111,114,90,110,103
108,112,115,108,111,139,102,117
93,92,112,112,108,108,104,98
90,92,91,114,118,119,97,120
69,114,109,99,89,103,75,89
85,93,96,88,105,92,87,93
79,86,100,94,80,107,105,114
81,91,83,80,83,100,84,72
86,68,77,70,94,89,75,64
79,65,74,69,61,52,56,66
41,52,53,49,39,45,60,51
39,42,63,53,40,47,42,47
40,29,32,51,34,47,45,32
39,36,32,30,38,36,35,28
46,25,35,29,34,34,53,32
49,42,33,45,35,27,53,42
48,40,46,51,47,51,67,67
83,103,103,98,114,142,179,174
223,206,272,300,302,355,357,364
439,481,430,473,438,428,475,449
427,405,382,369,312,286,260,260
238,166,148,148,117,107,78,66
66,46,35,29,25,15,21,15
9,10,11,13,12,13,13,18
9,14,10,11,17,20,2,13
15,9,14,7,4,11,16,13
10,7,8,8,11,8,14,12
11,6,4,6,6,9,11,9
20,10,8,8,7,8,11,6
5,7,6,6,14,10,7,10
7,9,6,4,9,8,6,14
7,8,8,8,7,4,11,8
8,11,8,8,11,6,8,9
11,3,7,9,8,4,14,11
10,9,15,9,7,10,9,6
8,9,8,9,11,12,10,8
6,8,5,9,5,3,6,6
6,3,8,7,4,4,7,3
6,6,4,3,7,8,6,4
4,5,5,7,3,5,4,4
7,5,5,7,6,7,5,3
2,2,6,7,4,5,6,6
3,7,11,6,3,9,6,4
5,7,6,10,5,3,3,9
4,10,7,5,7,3,5,5
4,3,5,8,6,7,6,4
9,5,4,4,7,4,2,5
3,5,6,6,7,6,4,6
3,6,6,1,3,1,4,2
1,7,2,4,4,10,4,5
4,3,3,4,4,10,2,9
2,2,2,0,4,6,1,4
6,5,3,5,4,1,4,3
3,3,0,2,4,1,4,2
5,1,2,5,0,0,4,1
0,3,3,7,5,3,3,1
1,3,1,3,5,0,6,4
5,3,6,3,7,6,3,5
6,10,6,2,6,6,4,2
8,8,5,6,11,4,5,4
4,9,9,11,7,8,4,10
11,8,10,5,6,6,4,9
2,3,3,1,3,4,1,3
4,3,5,2,4,2,2,6
5,0,0,1,3,2,2,4
2,2,2,0,3,2,2,0
2,0,1,2,2,0,1,0
0,1,1,1,0,0,1,1
0,6,1,0,4,2,0,2
0,0,1,1,3,1,1,4
0,1,2,0,3,1,0,2
1,1,3,0,2,1,0,1
1,1,3,0,0,2,3,0
1,1,1,0,0,0,2,1
2,2,1,0,0,2,1,1
0,0,0,0,1,2,4,1
2,1,1,0,4,0,0,1
0,0,1,3,0,1,0,0
0,0,1,1,1,1,1,1
2,2,3,0,2,1,1,4
1,2,0,2,2,1,3,3
0,1,0,1,0,0,0,3
2,2,1,0,0,2,0,1
1,0,0,2,0,0,1,1
0,0,1,0,1,0,1,1
0,1,1,0,2,1,0,0
0,1,1,0,1,0,1,2
1,1,0,0,2,2,1,0
2,0,1,0,1,1,0,0
0,0,1,0,0,1,0,1
1,0,1,1,0,0,1,0
0,1,1,0,0,0,1,1
1,2,0,1,0,1,1,0
0,2,0,3,2,1,0,0
1,2,0,0,2,1,0,0
1,0,0,0,2,0,2,3
0,3,1,0,0,0,0,0
3,1,1,0,1,0,1,0
0,0,0,3,0,0,0,0
2,1,0,1,1,1,1,1
0,2,1,1,2,0,1,1
0,0,0,1,1,1,0,1
1,0,1,0,1,2,2,1
0,1,1,0,0,1,0,0
0,0,2,0,0,0,0,1
0,0,0,0,0,1,0,1
0,0,0,0,1,0,1,1
0,0,1,0,2,0,2,1
1,0,0,0,0,0,0,0
0,0,0,0,0,0,0,0
0,0,1,0,0,0,0,0
1,0,2,0,0,0,1,0
