# Converted file from inputfile C312.CHN
# MCA number or Detector number: 1
# Segment number (set to 1 in UMCBI): 1
# ASCII seconds of start time: 13875
# Real Time (s): 225.060
# Live Time (s) : 224.540
# Start Date (DDMMMYY): 31DEC99
# Start time (HHMM): 1425
# Channel offset of data: 0
# Number of channels (length of data): 1024

# Data: 

0 	 0
1 	 0
2 	 0
3 	 0
4 	 0
5 	 0
6 	 0
7 	 0
8 	 0
9 	 11
10 	 14
11 	 33
12 	 38
13 	 35
14 	 47
15 	 41
16 	 40
17 	 51
18 	 50
19 	 55
20 	 59
21 	 54
22 	 56
23 	 61
24 	 51
25 	 61
26 	 56
27 	 50
28 	 57
29 	 53
30 	 69
31 	 58
32 	 64
33 	 63
34 	 62
35 	 54
36 	 65
37 	 61
38 	 70
39 	 67
40 	 64
41 	 70
42 	 82
43 	 72
44 	 73
45 	 71
46 	 60
47 	 56
48 	 71
49 	 85
50 	 85
51 	 83
52 	 80
53 	 90
54 	 98
55 	 85
56 	 82
57 	 90
58 	 95
59 	 94
60 	 93
61 	 95
62 	 98
63 	 90
64 	 100
65 	 89
66 	 104
67 	 97
68 	 84
69 	 74
70 	 92
71 	 95
72 	 85
73 	 78
74 	 98
75 	 87
76 	 98
77 	 115
78 	 111
79 	 100
80 	 90
81 	 113
82 	 94
83 	 103
84 	 103
85 	 99
86 	 79
87 	 103
88 	 81
89 	 106
90 	 87
91 	 93
92 	 89
93 	 82
94 	 86
95 	 98
96 	 99
97 	 90
98 	 97
99 	 94
100 	 93
101 	 78
102 	 83
103 	 95
104 	 83
105 	 77
106 	 64
107 	 97
108 	 101
109 	 80
110 	 76
111 	 92
112 	 61
113 	 73
114 	 86
115 	 83
116 	 81
117 	 82
118 	 71
119 	 68
120 	 69
121 	 74
122 	 95
123 	 64
124 	 75
125 	 97
126 	 70
127 	 75
128 	 84
129 	 61
130 	 75
131 	 85
132 	 65
133 	 61
134 	 74
135 	 67
136 	 68
137 	 79
138 	 95
139 	 64
140 	 73
141 	 88
142 	 71
143 	 60
144 	 75
145 	 63
146 	 49
147 	 61
148 	 86
149 	 65
150 	 68
151 	 68
152 	 72
153 	 87
154 	 83
155 	 63
156 	 83
157 	 69
158 	 54
159 	 70
160 	 62
161 	 69
162 	 68
163 	 55
164 	 67
165 	 62
166 	 68
167 	 73
168 	 63
169 	 67
170 	 83
171 	 81
172 	 75
173 	 72
174 	 65
175 	 62
176 	 56
177 	 63
178 	 80
179 	 65
180 	 69
181 	 73
182 	 73
183 	 78
184 	 82
185 	 83
186 	 77
187 	 71
188 	 54
189 	 76
190 	 84
191 	 61
192 	 61
193 	 71
194 	 62
195 	 81
196 	 72
197 	 70
198 	 59
199 	 57
200 	 67
201 	 56
202 	 51
203 	 41
204 	 51
205 	 57
206 	 40
207 	 54
208 	 39
209 	 42
210 	 32
211 	 31
212 	 48
213 	 44
214 	 39
215 	 36
216 	 36
217 	 26
218 	 35
219 	 28
220 	 31
221 	 27
222 	 50
223 	 31
224 	 25
225 	 22
226 	 25
227 	 21
228 	 22
229 	 19
230 	 23
231 	 25
232 	 25
233 	 30
234 	 35
235 	 27
236 	 20
237 	 25
238 	 17
239 	 22
240 	 28
241 	 29
242 	 30
243 	 30
244 	 30
245 	 27
246 	 22
247 	 25
248 	 30
249 	 37
250 	 18
251 	 25
252 	 22
253 	 24
254 	 33
255 	 26
256 	 41
257 	 29
258 	 39
259 	 44
260 	 41
261 	 51
262 	 48
263 	 54
264 	 55
265 	 81
266 	 82
267 	 93
268 	 102
269 	 128
270 	 130
271 	 156
272 	 185
273 	 198
274 	 262
275 	 258
276 	 267
277 	 342
278 	 346
279 	 404
280 	 412
281 	 475
282 	 430
283 	 472
284 	 493
285 	 469
286 	 496
287 	 466
288 	 458
289 	 422
290 	 400
291 	 399
292 	 362
293 	 363
294 	 268
295 	 262
296 	 243
297 	 219
298 	 211
299 	 165
300 	 131
301 	 122
302 	 84
303 	 74
304 	 47
305 	 50
306 	 33
307 	 25
308 	 25
309 	 15
310 	 19
311 	 3
312 	 5
313 	 7
314 	 6
315 	 2
316 	 1
317 	 5
318 	 2
319 	 5
320 	 1
321 	 5
322 	 2
323 	 1
324 	 1
325 	 2
326 	 1
327 	 2
328 	 3
329 	 1
330 	 1
331 	 1
332 	 4
333 	 1
334 	 1
335 	 0
336 	 2
337 	 3
338 	 1
339 	 0
340 	 3
341 	 0
342 	 1
343 	 1
344 	 2
345 	 3
346 	 0
347 	 1
348 	 1
349 	 6
350 	 3
351 	 1
352 	 2
353 	 4
354 	 0
355 	 0
356 	 1
357 	 3
358 	 1
359 	 2
360 	 2
361 	 0
362 	 2
363 	 2
364 	 3
365 	 2
366 	 1
367 	 3
368 	 0
369 	 3
370 	 4
371 	 0
372 	 3
373 	 0
374 	 1
375 	 4
376 	 0
377 	 1
378 	 2
379 	 1
380 	 3
381 	 1
382 	 2
383 	 1
384 	 2
385 	 1
386 	 2
387 	 1
388 	 0
389 	 0
390 	 3
391 	 4
392 	 2
393 	 3
394 	 3
395 	 0
396 	 1
397 	 1
398 	 4
399 	 4
400 	 2
401 	 2
402 	 1
403 	 1
404 	 6
405 	 2
406 	 0
407 	 2
408 	 0
409 	 0
410 	 0
411 	 1
412 	 1
413 	 1
414 	 1
415 	 0
416 	 1
417 	 2
418 	 3
419 	 1
420 	 2
421 	 2
422 	 2
423 	 1
424 	 1
425 	 2
426 	 0
427 	 1
428 	 0
429 	 1
430 	 1
431 	 1
432 	 0
433 	 0
434 	 1
435 	 1
436 	 2
437 	 1
438 	 5
439 	 1
440 	 2
441 	 0
442 	 2
443 	 1
444 	 2
445 	 0
446 	 2
447 	 4
448 	 0
449 	 1
450 	 1
451 	 7
452 	 1
453 	 2
454 	 2
455 	 2
456 	 4
457 	 0
458 	 2
459 	 0
460 	 0
461 	 3
462 	 3
463 	 2
464 	 1
465 	 2
466 	 0
467 	 3
468 	 2
469 	 0
470 	 0
471 	 0
472 	 2
473 	 0
474 	 4
475 	 1
476 	 2
477 	 2
478 	 1
479 	 1
480 	 3
481 	 1
482 	 6
483 	 1
484 	 1
485 	 0
486 	 0
487 	 0
488 	 1
489 	 0
490 	 1
491 	 1
492 	 0
493 	 2
494 	 1
495 	 3
496 	 2
497 	 3
498 	 0
499 	 0
500 	 1
501 	 0
502 	 1
503 	 0
504 	 3
505 	 2
506 	 1
507 	 2
508 	 0
509 	 1
510 	 2
511 	 2
512 	 0
513 	 1
514 	 1
515 	 2
516 	 3
517 	 3
518 	 1
519 	 0
520 	 3
521 	 0
522 	 0
523 	 3
524 	 0
525 	 1
526 	 0
527 	 1
528 	 0
529 	 0
530 	 0
531 	 0
532 	 1
533 	 0
534 	 0
535 	 1
536 	 2
537 	 0
538 	 1
539 	 1
540 	 1
541 	 0
542 	 1
543 	 0
544 	 0
545 	 0
546 	 0
547 	 1
548 	 2
549 	 0
550 	 1
551 	 0
552 	 1
553 	 0
554 	 1
555 	 1
556 	 0
557 	 1
558 	 0
559 	 2
560 	 2
561 	 3
562 	 0
563 	 0
564 	 0
565 	 0
566 	 1
567 	 0
568 	 1
569 	 0
570 	 2
571 	 0
572 	 1
573 	 3
574 	 2
575 	 2
576 	 0
577 	 1
578 	 2
579 	 1
580 	 1
581 	 0
582 	 1
583 	 2
584 	 1
585 	 1
586 	 0
587 	 0
588 	 1
589 	 0
590 	 0
591 	 2
592 	 0
593 	 0
594 	 1
595 	 4
596 	 2
597 	 0
598 	 2
599 	 1
600 	 1
601 	 1
602 	 2
603 	 2
604 	 2
605 	 2
606 	 2
607 	 3
608 	 1
609 	 2
610 	 3
611 	 2
612 	 1
613 	 1
614 	 1
615 	 2
616 	 4
617 	 3
618 	 3
619 	 3
620 	 1
621 	 1
622 	 1
623 	 0
624 	 1
625 	 2
626 	 1
627 	 0
628 	 2
629 	 1
630 	 2
631 	 1
632 	 3
633 	 1
634 	 2
635 	 1
636 	 2
637 	 1
638 	 1
639 	 1
640 	 0
641 	 0
642 	 0
643 	 1
644 	 0
645 	 1
646 	 0
647 	 0
648 	 0
649 	 0
650 	 1
651 	 0
652 	 0
653 	 0
654 	 0
655 	 0
656 	 0
657 	 1
658 	 1
659 	 1
660 	 0
661 	 0
662 	 1
663 	 0
664 	 1
665 	 0
666 	 1
667 	 0
668 	 0
669 	 0
670 	 1
671 	 2
672 	 1
673 	 1
674 	 0
675 	 1
676 	 0
677 	 0
678 	 0
679 	 0
680 	 0
681 	 1
682 	 0
683 	 1
684 	 0
685 	 0
686 	 1
687 	 1
688 	 0
689 	 0
690 	 1
691 	 0
692 	 0
693 	 0
694 	 0
695 	 0
696 	 0
697 	 0
698 	 0
699 	 1
700 	 0
701 	 0
702 	 0
703 	 0
704 	 0
705 	 1
706 	 1
707 	 1
708 	 0
709 	 0
710 	 1
711 	 0
712 	 1
713 	 0
714 	 0
715 	 1
716 	 1
717 	 0
718 	 0
719 	 0
720 	 0
721 	 0
722 	 1
723 	 1
724 	 0
725 	 0
726 	 1
727 	 0
728 	 0
729 	 0
730 	 1
731 	 0
732 	 0
733 	 1
734 	 0
735 	 0
736 	 0
737 	 1
738 	 0
739 	 0
740 	 0
741 	 1
742 	 0
743 	 1
744 	 0
745 	 1
746 	 1
747 	 2
748 	 0
749 	 0
750 	 0
751 	 0
752 	 0
753 	 0
754 	 0
755 	 0
756 	 0
757 	 0
758 	 0
759 	 0
760 	 1
761 	 1
762 	 0
763 	 1
764 	 0
765 	 0
766 	 0
767 	 0
768 	 1
769 	 0
770 	 0
771 	 1
772 	 0
773 	 0
774 	 0
775 	 0
776 	 0
777 	 0
778 	 0
779 	 0
780 	 0
781 	 0
782 	 0
783 	 0
784 	 0
785 	 0
786 	 0
787 	 0
788 	 0
789 	 0
790 	 0
791 	 0
792 	 1
793 	 0
794 	 0
795 	 0
796 	 0
797 	 0
798 	 0
799 	 0
800 	 0
801 	 0
802 	 0
803 	 0
804 	 0
805 	 0
806 	 0
807 	 0
808 	 1
809 	 0
810 	 1
811 	 0
812 	 1
813 	 1
814 	 0
815 	 0
816 	 0
817 	 0
818 	 0
819 	 0
820 	 0
821 	 0
822 	 0
823 	 1
824 	 0
825 	 1
826 	 1
827 	 0
828 	 0
829 	 0
830 	 1
831 	 0
832 	 0
833 	 0
834 	 0
835 	 0
836 	 0
837 	 0
838 	 0
839 	 0
840 	 0
841 	 0
842 	 0
843 	 0
844 	 1
845 	 0
846 	 0
847 	 0
848 	 0
849 	 0
850 	 0
851 	 0
852 	 0
853 	 0
854 	 0
855 	 0
856 	 0
857 	 0
858 	 0
859 	 1
860 	 0
861 	 0
862 	 0
863 	 0
864 	 1
865 	 0
866 	 0
867 	 0
868 	 0
869 	 1
870 	 0
871 	 0
872 	 0
873 	 1
874 	 0
875 	 1
876 	 0
877 	 0
878 	 0
879 	 0
880 	 0
881 	 0
882 	 1
883 	 0
884 	 0
885 	 0
886 	 0
887 	 0
888 	 1
889 	 0
890 	 0
891 	 0
892 	 0
893 	 0
894 	 1
895 	 0
896 	 0
897 	 0
898 	 0
899 	 1
900 	 0
901 	 0
902 	 0
903 	 0
904 	 1
905 	 1
906 	 0
907 	 0
908 	 0
909 	 0
910 	 1
911 	 1
912 	 0
913 	 1
914 	 0
915 	 0
916 	 0
917 	 1
918 	 0
919 	 0
920 	 0
921 	 0
922 	 0
923 	 0
924 	 0
925 	 0
926 	 0
927 	 0
928 	 0
929 	 0
930 	 0
931 	 0
932 	 0
933 	 0
934 	 1
935 	 0
936 	 0
937 	 0
938 	 0
939 	 0
940 	 0
941 	 0
942 	 1
943 	 0
944 	 0
945 	 0
946 	 0
947 	 0
948 	 0
949 	 0
950 	 2
951 	 0
952 	 1
953 	 0
954 	 0
955 	 1
956 	 0
957 	 0
958 	 1
959 	 0
960 	 0
961 	 0
962 	 0
963 	 1
964 	 0
965 	 1
966 	 1
967 	 0
968 	 0
969 	 0
970 	 0
971 	 0
972 	 0
973 	 0
974 	 0
975 	 0
976 	 0
977 	 0
978 	 0
979 	 0
980 	 0
981 	 0
982 	 0
983 	 0
984 	 0
985 	 0
986 	 0
987 	 0
988 	 0
989 	 0
990 	 0
991 	 0
992 	 0
993 	 0
994 	 0
995 	 0
996 	 0
997 	 0
998 	 0
999 	 0
1000 	 0
1001 	 0
1002 	 0
1003 	 0
1004 	 0
1005 	 0
1006 	 0
1007 	 0
1008 	 0
1009 	 0
1010 	 0
1011 	 0
1012 	 0
1013 	 0
1014 	 0
1015 	 0
1016 	 0
1017 	 0
1018 	 0
1019 	 0
1020 	 0
1021 	 0
1022 	 0
1023 	 0


# Energy calibration zero intercept, 0.0 for uncalibrated spectrum: 0.00000
# Energy calibration slope, 1.0 for uncalibrated spectrum: 0.00000
# Energy calibration quadratic term, 0.0 for uncalibrated spectrum: 0.00000
# Peak shape calibration zero intercept, 1.0 for uncalibrated spectrum: 1.00000
# Peak shape calibration slope, 0.0 for uncalibrated spectrum: 0.00000
# Peak shape calibration quadratic term, 0.0 for uncalibrated spectrum: 0.00000
# Detector description: 
# Sample description: 
