SpectrumName : C312.SPC
XUnit        : 
YUnit        : 
Length       : 1024
SubSpcNum    : 1
StartSubSpc  : 0
StopSubSpc   : 0
Comment      : 
Realtime     : 225.060
Livetime     : 224.540
Deadtime     : 0.520
FastChannel  : 28582
Starttime    : 31.12.1999 14:25:36
Stoptime     : 31.12.1999 14:29:22
CalibCoeff   : a=0.000000000E+000 b=0.000000000E+000 c=0.000000000E+000 d=0.000000000E+000
SpectrumText : 0 
0,0,0,0,0,0,0,0
0,11,14,33,38,35,47,41
40,51,50,55,59,54,56,61
51,61,56,50,57,53,69,58
64,63,62,54,65,61,70,67
64,70,82,72,73,71,60,56
71,85,85,83,80,90,98,85
82,90,95,94,93,95,98,90
100,89,104,97,84,74,92,95
85,78,98,87,98,115,111,100
90,113,94,103,103,99,79,103
81,106,87,93,89,82,86,98
99,90,97,94,93,78,83,95
83,77,64,97,101,80,76,92
61,73,86,83,81,82,71,68
69,74,95,64,75,97,70,75
84,61,75,85,65,61,74,67
68,79,95,64,73,88,71,60
75,63,49,61,86,65,68,68
72,87,83,63,83,69,54,70
62,69,68,55,67,62,68,73
63,67,83,81,75,72,65,62
56,63,80,65,69,73,73,78
82,83,77,71,54,76,84,61
61,71,62,81,72,70,59,57
67,56,51,41,51,57,40,54
39,42,32,31,48,44,39,36
36,26,35,28,31,27,50,31
25,22,25,21,22,19,23,25
25,30,35,27,20,25,17,22
28,29,30,30,30,27,22,25
30,37,18,25,22,24,33,26
41,29,39,44,41,51,48,54
55,81,82,93,102,128,130,156
185,198,262,258,267,342,346,404
412,475,430,472,493,469,496,466
458,422,400,399,362,363,268,262
243,219,211,165,131,122,84,74
47,50,33,25,25,15,19,3
5,7,6,2,1,5,2,5
1,5,2,1,1,2,1,2
3,1,1,1,4,1,1,0
2,3,1,0,3,0,1,1
2,3,0,1,1,6,3,1
2,4,0,0,1,3,1,2
2,0,2,2,3,2,1,3
0,3,4,0,3,0,1,4
0,1,2,1,3,1,2,1
2,1,2,1,0,0,3,4
2,3,3,0,1,1,4,4
2,2,1,1,6,2,0,2
0,0,0,1,1,1,1,0
1,2,3,1,2,2,2,1
1,2,0,1,0,1,1,1
0,0,1,1,2,1,5,1
2,0,2,1,2,0,2,4
0,1,1,7,1,2,2,2
4,0,2,0,0,3,3,2
1,2,0,3,2,0,0,0
2,0,4,1,2,2,1,1
3,1,6,1,1,0,0,0
1,0,1,1,0,2,1,3
2,3,0,0,1,0,1,0
3,2,1,2,0,1,2,2
0,1,1,2,3,3,1,0
3,0,0,3,0,1,0,1
0,0,0,0,1,0,0,1
2,0,1,1,1,0,1,0
0,0,0,1,2,0,1,0
1,0,1,1,0,1,0,2
2,3,0,0,0,0,1,0
1,0,2,0,1,3,2,2
0,1,2,1,1,0,1,2
1,1,0,0,1,0,0,2
0,0,1,4,2,0,2,1
1,1,2,2,2,2,2,3
1,2,3,2,1,1,1,2
4,3,3,3,1,1,1,0
1,2,1,0,2,1,2,1
3,1,2,1,2,1,1,1
0,0,0,1,0,1,0,0
0,0,1,0,0,0,0,0
0,1,1,1,0,0,1,0
1,0,1,0,0,0,1,2
1,1,0,1,0,0,0,0
0,1,0,1,0,0,1,1
0,0,1,0,0,0,0,0
0,0,0,1,0,0,0,0
0,1,1,1,0,0,1,0
1,0,0,1,1,0,0,0
0,0,1,1,0,0,1,0
0,0,1,0,0,1,0,0
0,1,0,0,0,1,0,1
0,1,1,2,0,0,0,0
0,0,0,0,0,0,0,0
1,1,0,1,0,0,0,0
1,0,0,1,0,0,0,0
0,0,0,0,0,0,0,0
0,0,0,0,0,0,0,0
1,0,0,0,0,0,0,0
0,0,0,0,0,0,0,0
1,0,1,0,1,1,0,0
0,0,0,0,0,0,0,1
0,1,1,0,0,0,1,0
0,0,0,0,0,0,0,0
0,0,0,0,1,0,0,0
0,0,0,0,0,0,0,0
0,0,0,1,0,0,0,0
1,0,0,0,0,1,0,0
0,1,0,1,0,0,0,0
0,0,1,0,0,0,0,0
1,0,0,0,0,0,1,0
0,0,0,1,0,0,0,0
1,1,0,0,0,0,1,1
0,1,0,0,0,1,0,0
0,0,0,0,0,0,0,0
0,0,0,0,0,0,1,0
0,0,0,0,0,0,1,0
0,0,0,0,0,0,2,0
1,0,0,1,0,0,1,0
0,0,0,1,0,1,1,0
0,0,0,0,0,0,0,0
0,0,0,0,0,0,0,0
0,0,0,0,0,0,0,0
0,0,0,0,0,0,0,0
0,0,0,0,0,0,0,0
0,0,0,0,0,0,0,0
0,0,0,0,0,0,0,0
