SpectrumName : C32.SPC
XUnit        : 
YUnit        : 
Length       : 1024
SubSpcNum    : 1
StartSubSpc  : 0
StopSubSpc   : 0
Comment      : 
Realtime     : 545.440
Livetime     : 543.500
Deadtime     : 1.940
FastChannel  : 33976
Starttime    : 31.12.1999 12:37:11
Stoptime     : 31.12.1999 12:46:17
CalibCoeff   : a=0.000000000E+000 b=0.000000000E+000 c=0.000000000E+000 d=0.000000000E+000
SpectrumText : 0 
0,0,0,0,0,0,0,0
1,8,13,32,38,46,49,50
52,48,68,64,70,60,65,71
64,62,63,78,63,69,65,66
64,77,86,105,86,83,86,93
89,99,73,96,100,111,97,97
114,133,115,107,111,129,118,130
145,134,121,157,136,132,143,138
145,141,127,112,131,145,142,139
138,126,142,128,114,141,146,140
126,133,140,118,141,107,108,123
133,132,149,126,110,93,136,110
107,105,133,101,137,120,120,115
116,113,134,119,96,99,106,78
98,92,102,114,97,115,108,108
93,108,126,86,93,91,107,95
72,91,94,86,92,73,79,88
103,83,80,94,86,79,81,102
93,105,89,86,92,81,83,75
76,77,90,87,82,65,74,86
85,66,68,87,73,60,69,84
93,61,76,87,80,98,76,73
65,59,87,78,83,89,80,71
68,75,79,80,68,69,71,82
90,76,58,79,71,65,68,64
54,48,66,45,59,51,45,39
31,39,35,39,47,39,30,35
40,41,28,31,37,39,30,30
45,25,28,27,35,30,30,31
29,21,18,34,27,27,23,37
32,28,23,36,29,21,26,27
34,35,27,42,37,31,31,34
40,30,39,63,38,44,58,63
57,77,81,107,127,128,182,170
226,243,234,271,342,337,374,387
438,433,435,516,469,479,499,482
447,424,399,402,361,321,337,290
224,187,180,134,124,95,77,57
51,47,30,31,19,21,16,15
13,7,10,3,9,10,8,10
9,5,3,9,9,3,5,11
7,8,3,4,5,5,4,4
5,5,6,3,10,1,4,5
12,10,8,7,6,6,5,4
4,5,9,5,4,4,8,7
11,10,4,8,3,4,4,3
4,2,3,6,6,3,6,2
1,5,5,4,2,5,2,6
3,6,6,5,8,8,4,4
5,3,9,5,8,3,5,4
4,2,3,5,4,7,5,2
8,3,3,3,4,6,7,4
4,4,5,5,2,1,4,6
2,7,3,0,5,2,3,2
2,5,4,7,4,9,4,1
3,2,2,1,4,7,1,2
2,2,2,3,4,3,1,2
1,6,5,2,2,2,2,4
4,5,6,4,3,1,4,9
6,3,1,2,8,4,3,0
3,4,2,4,0,3,4,3
3,2,7,3,4,3,4,3
3,4,0,4,2,2,4,2
2,5,2,2,5,0,3,1
1,2,0,2,2,2,3,2
4,3,3,0,2,2,1,3
3,2,3,2,5,8,1,5
2,1,2,0,2,1,1,1
1,8,2,2,1,4,1,0
1,1,2,3,2,1,3,1
0,3,0,3,1,0,1,1
2,3,1,1,1,2,3,2
4,5,1,4,4,2,2,0
0,1,3,5,3,2,1,0
3,6,3,1,2,3,3,3
7,8,3,7,2,4,3,3
4,3,6,4,6,3,5,2
1,3,4,2,5,4,5,2
1,5,1,3,6,1,4,1
3,2,4,2,1,1,3,1
1,1,0,1,2,1,1,1
0,1,0,1,1,0,1,1
0,0,0,1,0,2,1,0
1,2,1,1,1,3,1,0
0,1,1,0,0,0,0,0
1,0,0,1,2,1,0,0
1,2,0,1,0,0,2,1
0,1,0,0,0,0,1,0
1,0,0,3,0,1,0,1
0,1,0,0,0,1,1,0
0,1,1,1,1,0,0,0
0,1,1,0,0,0,1,0
1,1,1,2,1,2,0,1
0,3,1,1,1,3,0,0
1,0,0,1,0,0,1,0
0,0,0,0,0,1,1,0
1,0,1,2,0,0,2,0
1,0,0,1,1,1,0,1
0,0,1,0,1,0,0,0
0,1,2,1,0,1,0,1
1,0,1,0,0,1,2,0
0,0,0,0,0,1,0,0
3,0,0,0,0,2,0,0
0,1,1,0,0,1,0,0
0,0,0,0,1,2,0,1
0,0,0,2,1,0,0,0
1,0,0,0,0,1,0,0
0,0,0,1,0,0,1,2
0,1,2,1,1,1,1,0
1,1,0,1,0,0,0,0
0,0,0,1,0,1,0,0
0,0,0,1,2,1,1,0
0,0,0,1,0,0,0,0
0,0,1,0,0,0,2,0
0,0,1,1,1,1,0,0
0,0,0,3,0,0,1,1
0,1,1,0,0,1,1,0
1,1,1,1,0,2,1,0
1,0,0,0,0,0,0,0
0,1,0,0,0,0,0,1
1,1,1,0,0,0,0,0
1,1,0,0,0,0,0,0
0,0,0,0,0,0,0,0
0,1,0,0,0,0,0,0
1,0,0,0,0,0,0,0
0,0,0,0,0,0,0,0
0,0,0,0,1,0,0,0
0,0,1,0,0,0,0,0
