SpectrumName : C33.SPC
XUnit        : 
YUnit        : 
Length       : 1024
SubSpcNum    : 1
StartSubSpc  : 0
StopSubSpc   : 0
Comment      : 
Realtime     : 587.680
Livetime     : 585.580
Deadtime     : 2.100
FastChannel  : 40002
Starttime    : 31.12.1999 12:46:47
Stoptime     : 31.12.1999 12:56:35
CalibCoeff   : a=0.000000000E+000 b=0.000000000E+000 c=0.000000000E+000 d=0.000000000E+000
SpectrumText : 0 
0,0,1,0,0,0,0,0
2,14,22,49,42,45,55,54
87,69,81,71,90,97,68,81
86,82,75,68,86,96,95,91
101,86,89,114,96,94,107,113
114,106,79,122,123,118,103,137
129,130,131,129,125,127,175,152
160,137,149,162,150,144,173,156
166,160,144,170,149,164,171,158
149,155,165,160,172,159,157,164
178,150,181,176,153,141,167,148
162,137,123,145,131,141,151,143
133,151,143,152,135,144,138,127
119,150,140,116,131,111,135,120
130,119,117,121,124,107,103,123
116,119,130,97,103,121,115,120
126,109,98,120,83,117,112,95
117,102,99,96,86,90,102,82
85,100,102,81,96,82,98,101
96,125,89,82,124,112,90,96
91,78,78,77,85,56,90,80
97,94,90,93,88,88,98,89
94,111,93,92,86,94,85,98
93,108,91,98,90,103,89,107
81,87,88,91,78,77,99,72
70,70,69,76,68,60,48,46
54,46,47,34,44,29,49,40
37,43,45,32,47,47,47,39
29,45,42,31,32,34,41,36
31,38,27,34,31,40,36,40
43,32,36,44,41,42,41,34
47,36,32,39,43,32,38,55
52,45,48,36,68,66,60,62
100,94,116,134,137,159,189,211
247,260,306,346,340,381,460,493
461,571,576,545,572,558,589,539
564,509,486,456,428,373,311,318
299,207,207,165,139,105,83,79
56,51,37,29,30,20,22,11
14,12,19,10,7,6,7,9
3,3,8,6,6,10,12,4
6,4,6,7,6,3,4,7
3,3,6,8,6,6,4,7
4,7,3,4,5,7,7,3
2,3,6,5,6,4,4,8
3,5,7,13,2,3,4,10
8,6,8,4,3,3,5,4
2,3,6,4,4,3,2,2
4,3,8,4,8,7,5,3
2,8,5,3,6,5,2,4
4,4,4,5,3,2,3,5
3,2,7,5,2,4,7,4
3,4,5,2,5,6,3,4
5,5,1,3,6,2,4,4
5,5,4,1,3,5,7,1
4,5,3,8,6,4,3,3
4,4,4,3,3,5,4,5
4,3,5,5,4,4,4,5
1,2,2,3,5,2,1,5
7,3,2,4,3,3,3,3
6,3,3,2,3,2,4,3
2,5,3,5,2,2,2,2
0,2,2,3,7,4,2,3
1,2,2,4,1,5,1,2
5,5,1,5,3,0,3,2
3,2,1,0,0,5,1,2
1,1,2,5,0,5,3,1
1,1,1,5,2,3,0,1
3,0,4,2,3,4,3,0
1,2,2,3,4,1,3,3
2,1,0,3,0,1,2,2
2,0,2,0,2,2,3,6
2,2,1,5,1,2,3,4
2,0,2,1,4,4,6,1
1,0,4,4,6,5,3,1
3,5,6,5,6,4,2,9
6,2,4,2,4,6,7,5
1,3,6,7,7,1,3,3
6,2,2,2,2,3,3,2
2,1,2,0,1,1,2,0
1,3,1,0,0,0,2,1
0,3,1,1,0,0,1,1
4,1,0,2,4,1,2,0
2,0,1,1,5,3,1,4
1,1,0,0,1,0,0,1
0,0,0,0,0,0,1,0
0,1,0,1,0,0,2,0
1,0,2,0,0,0,1,0
3,2,0,2,2,1,2,1
1,1,2,0,0,0,0,0
1,1,1,0,1,2,4,1
0,1,0,0,2,1,1,0
0,2,6,1,1,2,2,1
0,1,1,0,2,3,2,1
0,1,0,1,2,0,0,0
1,0,1,1,1,1,1,0
1,0,1,1,0,1,1,0
0,0,0,0,2,1,1,0
1,1,1,0,0,2,0,0
1,0,1,0,1,0,0,0
1,2,1,1,0,1,1,1
0,0,0,0,0,1,1,0
1,0,0,0,0,0,1,0
0,0,1,0,0,0,0,1
1,0,0,1,0,0,0,1
0,0,0,0,0,0,1,0
0,0,1,0,0,1,0,0
0,1,0,0,2,1,0,0
0,0,0,1,1,0,1,1
0,0,0,0,0,1,0,1
1,0,0,0,1,0,1,1
0,3,0,1,0,0,1,0
1,1,0,1,0,0,0,0
0,1,0,0,0,1,0,0
1,0,0,0,0,1,0,2
1,2,0,1,0,0,0,2
0,0,0,1,0,1,0,1
0,0,0,1,0,1,0,0
0,0,2,0,1,0,1,2
1,0,0,0,0,0,0,2
0,0,0,1,0,1,0,0
0,0,0,0,0,0,0,0
0,0,1,0,0,0,0,0
0,0,0,1,0,1,0,1
0,0,1,0,1,0,1,0
1,0,0,1,1,0,0,0
0,0,0,0,0,0,0,0
2,1,0,0,0,0,0,0
