SpectrumName : C34.SPC
XUnit        : 
YUnit        : 
Length       : 1024
SubSpcNum    : 1
StartSubSpc  : 0
StopSubSpc   : 0
Comment      : 
Realtime     : 318.060
Livetime     : 317.470
Deadtime     : 0.590
FastChannel  : 39258
Starttime    : 31.12.1999 12:57:32
Stoptime     : 31.12.1999 13:02:50
CalibCoeff   : a=0.000000000E+000 b=0.000000000E+000 c=0.000000000E+000 d=0.000000000E+000
SpectrumText : 0 
0,0,0,0,0,0,0,0
5,15,22,46,40,55,40,50
69,63,64,79,73,91,71,83
85,71,92,82,83,82,75,78
90,91,71,77,73,89,86,108
96,94,96,92,98,110,108,115
110,139,101,111,114,132,124,136
140,140,137,144,123,136,135,116
118,125,140,151,148,128,112,148
112,145,121,138,150,139,124,137
128,128,143,148,114,147,121,146
133,128,117,141,146,139,132,109
130,103,139,123,119,131,115,119
105,127,117,116,108,106,118,113
111,126,108,111,103,110,116,110
118,114,115,130,104,119,92,100
112,104,103,117,110,109,114,90
115,98,96,104,123,100,100,87
96,100,92,102,100,98,103,99
99,92,101,96,84,99,104,110
111,85,102,89,89,81,90,96
99,107,98,77,98,91,97,92
90,80,113,111,98,104,87,102
102,106,96,124,93,84,91,83
102,102,90,81,84,83,74,90
86,79,73,72,89,66,62,53
60,56,58,61,41,42,54,53
44,41,39,37,36,37,45,41
43,31,47,31,33,25,42,38
37,36,37,41,28,27,27,37
36,47,39,35,34,36,34,23
39,37,30,38,41,48,39,42
55,42,43,57,58,59,64,79
79,114,101,123,154,154,196,210
235,298,319,395,437,466,468,522
602,609,578,618,651,593,612,635
639,525,578,502,492,467,411,350
332,268,236,221,172,152,131,92
76,56,51,28,40,10,18,12
9,7,9,4,10,1,5,6
2,1,5,4,5,0,2,5
2,4,3,3,4,5,6,5
3,0,4,1,2,6,2,2
6,5,0,2,3,1,3,8
3,1,5,0,5,1,3,2
3,5,3,0,3,0,1,4
3,2,2,5,3,2,4,1
2,1,1,4,4,1,1,4
1,1,0,4,2,1,3,3
2,1,5,2,2,3,2,5
1,3,0,3,3,3,4,1
1,2,1,2,2,2,3,2
2,1,3,1,1,2,1,1
1,3,3,3,1,3,1,3
2,3,3,2,1,2,1,2
2,4,1,2,0,2,3,1
2,2,7,3,3,2,1,0
3,5,2,2,2,1,1,2
3,3,5,2,1,0,1,1
5,2,3,3,2,1,2,1
1,3,3,0,4,1,3,2
2,1,0,2,2,1,0,4
2,2,1,3,2,0,3,3
1,1,3,1,0,4,1,2
2,3,5,2,3,1,2,3
0,2,0,2,2,1,2,1
0,3,2,2,3,1,1,0
0,1,2,2,2,0,0,0
0,1,1,1,1,2,1,0
3,1,0,1,0,2,1,2
0,0,0,1,2,1,1,1
0,1,0,1,0,2,2,0
0,1,0,1,1,3,1,2
1,0,0,2,0,3,1,3
0,0,2,1,1,1,1,1
3,4,0,1,4,4,0,0
2,0,0,2,5,1,3,1
4,3,2,3,1,3,2,5
3,0,1,1,0,0,0,1
1,0,0,0,0,1,1,1
0,2,1,0,0,1,3,0
0,0,2,0,1,0,1,0
0,0,1,1,0,3,0,1
2,0,1,0,1,0,1,0
1,0,1,0,0,1,0,1
0,0,0,0,1,0,0,2
0,0,1,0,0,1,1,1
1,2,0,1,0,0,0,0
0,0,0,0,0,1,0,0
0,2,0,0,0,0,0,0
0,0,0,1,1,3,0,0
0,1,1,0,1,0,0,0
0,0,0,0,2,1,0,0
1,0,0,2,0,0,0,2
0,0,0,1,0,0,0,2
0,0,1,2,0,1,0,1
0,1,1,2,0,0,0,0
0,0,0,0,0,0,0,0
1,0,1,0,0,0,0,0
0,0,0,0,1,0,0,0
0,0,0,0,0,0,1,0
0,1,0,0,0,0,0,1
0,0,1,0,0,1,0,0
0,0,1,0,0,0,0,0
0,0,0,0,0,0,0,0
1,1,0,0,0,0,0,0
0,0,0,0,1,0,0,0
0,1,0,0,0,0,0,1
0,0,0,0,0,0,0,1
0,0,0,0,0,0,1,1
0,0,0,0,0,0,0,0
0,0,0,0,0,2,1,0
0,0,0,0,2,0,0,1
0,0,0,0,0,0,1,0
0,1,0,0,0,0,0,1
1,0,0,0,0,0,0,2
1,0,0,0,0,1,0,0
0,0,0,0,0,0,0,0
0,0,0,0,0,1,1,2
0,0,0,0,0,0,0,0
0,0,0,0,0,0,0,0
0,0,0,0,0,0,0,0
0,0,0,0,0,0,1,0
0,0,0,0,0,0,0,0
0,0,0,1,0,0,0,1
0,0,0,0,0,0,0,0
0,0,0,0,0,1,0,0
0,0,0,0,0,0,0,0
