SpectrumName : C35.SPC
XUnit        : 
YUnit        : 
Length       : 1024
SubSpcNum    : 1
StartSubSpc  : 0
StopSubSpc   : 0
Comment      : 
Realtime     : 353.980
Livetime     : 353.210
Deadtime     : 0.770
FastChannel  : 34578
Starttime    : 31.12.1999 13:03:28
Stoptime     : 31.12.1999 13:09:22
CalibCoeff   : a=0.000000000E+000 b=0.000000000E+000 c=0.000000000E+000 d=0.000000000E+000
SpectrumText : 0 
0,1,0,0,0,0,0,0
1,5,23,41,49,40,53,55
68,73,61,68,66,63,62,62
61,57,71,59,78,72,77,74
84,72,76,71,67,97,74,66
91,88,84,84,85,112,119,114
104,83,97,124,104,103,112,109
116,108,118,99,123,118,116,123
129,123,121,128,111,141,123,108
102,112,123,130,134,124,123,128
113,120,122,111,107,121,104,114
107,121,120,110,121,118,92,110
115,119,131,116,103,111,102,99
101,109,102,106,111,93,108,99
104,98,89,114,92,120,111,97
107,90,80,92,105,110,94,95
90,82,97,82,81,79,90,101
101,72,93,92,77,88,96,79
91,86,81,78,89,86,98,93
88,87,71,101,80,77,79,87
84,85,84,90,92,93,72,85
109,72,79,83,89,76,79,82
76,81,70,81,73,87,71,111
100,73,67,75,92,61,96,85
103,80,85,94,77,78,59,76
68,70,59,60,60,62,53,48
44,42,42,46,45,39,37,41
36,50,26,39,26,45,32,20
36,45,32,33,27,34,39,18
24,36,32,29,33,28,23,32
24,32,31,18,27,29,31,34
31,37,28,32,27,28,40,27
35,28,44,42,48,52,42,57
78,64,87,114,126,142,150,211
234,254,272,337,336,391,463,441
470,500,527,533,554,578,578,525
506,544,502,439,421,408,358,332
290,248,205,190,124,116,98,100
69,56,37,26,22,20,14,13
12,6,9,7,3,6,9,5
3,1,4,2,4,1,6,2
2,3,2,2,2,1,5,1
5,5,3,3,1,3,5,4
1,1,2,2,5,4,2,2
2,3,0,3,1,4,8,4
4,0,2,2,3,1,1,5
0,0,1,4,3,0,7,2
5,1,2,3,3,6,0,4
3,6,0,1,3,1,4,4
7,5,1,7,3,5,5,1
8,0,3,1,2,3,3,3
1,2,2,1,4,1,3,1
2,6,3,6,5,1,3,0
3,2,3,4,4,4,4,1
3,3,2,0,2,2,3,4
2,0,1,2,1,2,0,1
1,2,3,3,1,2,2,1
2,3,4,2,1,3,0,3
1,0,1,0,5,1,2,0
6,1,3,4,2,5,2,1
2,3,2,4,1,2,5,1
0,4,0,0,3,3,1,3
2,1,1,1,5,1,1,1
1,0,3,3,2,3,1,3
2,1,0,0,5,3,2,2
1,1,3,2,1,3,1,1
1,1,2,0,2,0,2,2
0,1,1,2,3,1,0,0
0,1,0,2,0,0,2,0
2,1,3,0,1,2,2,1
1,1,0,1,2,0,0,1
1,0,0,2,1,0,0,2
0,0,2,1,1,4,2,0
1,3,1,2,2,4,1,0
2,0,2,3,2,1,2,3
5,6,3,2,1,6,1,4
2,6,3,2,3,1,4,5
3,2,2,4,5,3,2,2
2,2,2,2,2,3,1,1
1,3,0,2,2,1,1,1
0,1,0,1,1,1,1,0
0,0,2,0,2,1,2,1
0,0,0,1,0,0,0,0
0,0,1,1,0,2,0,1
1,0,0,1,0,0,0,0
0,1,0,2,1,0,1,0
0,0,1,0,2,1,3,1
0,0,0,1,0,2,1,1
0,0,0,1,0,0,0,0
0,1,1,0,2,0,2,1
1,1,0,0,0,0,0,0
0,0,1,0,0,0,0,2
0,0,0,0,1,2,0,0
0,1,0,1,0,0,1,0
0,0,0,0,0,0,1,0
1,0,0,0,0,0,0,0
0,0,1,0,0,0,1,0
0,1,1,0,0,0,0,1
1,1,0,0,1,0,0,0
0,1,0,0,0,0,0,0
0,0,0,0,0,0,1,0
0,0,0,0,0,0,0,0
0,1,0,0,1,0,0,0
1,0,0,0,0,0,0,1
0,0,0,1,0,0,0,1
0,0,0,0,0,0,0,0
1,0,0,0,0,0,0,0
0,0,0,0,0,0,0,0
0,0,0,0,0,0,0,0
0,1,0,0,1,0,0,1
1,0,0,0,1,0,0,0
0,0,1,0,0,3,0,0
1,1,0,0,2,1,1,0
0,0,0,0,1,1,0,0
0,0,0,0,0,0,0,1
1,0,0,1,0,0,2,0
1,0,0,0,0,1,1,0
0,0,0,0,0,0,0,1
0,0,0,0,1,1,0,0
0,0,0,0,0,0,0,0
0,0,0,0,0,0,1,0
0,0,0,1,0,1,0,0
0,0,0,0,0,0,1,0
0,0,0,0,0,0,0,0
0,0,0,0,0,0,0,0
0,0,0,0,0,0,0,0
0,0,0,0,0,0,0,0
0,0,0,0,0,0,0,0
