SpectrumName : C36.SPC
XUnit        : 
YUnit        : 
Length       : 1024
SubSpcNum    : 1
StartSubSpc  : 0
StopSubSpc   : 0
Comment      : 
Realtime     : 1047.170
Livetime     : 1043.150
Deadtime     : 4.020
FastChannel  : 45212
Starttime    : 31.12.1999 13:10:00
Stoptime     : 31.12.1999 13:27:27
CalibCoeff   : a=0.000000000E+000 b=0.000000000E+000 c=0.000000000E+000 d=0.000000000E+000
SpectrumText : 0 
0,0,0,0,0,0,0,0
2,9,18,58,61,65,65,56
74,74,82,80,93,84,89,91
77,88,92,100,90,109,110,97
101,124,107,133,163,118,120,135
132,150,169,154,145,164,150,176
218,151,155,205,188,210,173,235
193,208,192,197,204,207,235,243
185,254,212,220,199,217,250,226
216,199,231,229,195,230,228,225
204,220,218,224,219,233,185,179
175,219,200,174,211,181,185,196
172,174,175,183,198,194,164,167
178,184,168,157,171,168,163,144
145,164,148,163,142,174,153,145
126,131,126,169,145,140,118,133
115,146,125,138,128,131,126,121
118,120,147,109,113,131,113,124
135,127,123,128,102,101,105,115
106,109,99,115,107,99,112,100
111,102,94,105,121,105,107,110
123,97,95,106,119,103,109,104
110,100,105,91,105,93,105,82
96,94,84,110,108,98,96,101
92,87,79,83,88,81,76,78
61,78,71,74,69,72,56,78
53,76,56,43,55,58,63,57
52,43,49,55,52,45,49,47
49,29,38,43,41,39,38,39
42,30,51,39,41,42,26,33
34,42,49,44,34,35,37,43
54,40,46,44,50,47,54,53
62,48,47,56,61,50,66,94
74,100,117,122,140,161,209,185
236,241,287,292,301,349,380,383
459,438,495,500,445,456,445,437
411,424,354,371,316,278,262,273
215,189,142,129,99,91,80,56
46,34,40,34,28,22,27,20
19,10,13,18,8,10,12,13
11,9,8,6,11,15,9,11
11,10,18,4,12,12,12,12
13,10,12,13,10,9,9,7
11,10,12,13,13,13,9,10
7,12,15,8,9,13,14,9
9,8,6,13,14,8,10,5
12,10,12,11,10,7,11,8
12,14,7,11,12,6,13,10
8,6,6,10,10,7,10,13
11,12,6,6,5,9,7,11
13,7,7,11,8,2,8,3
17,7,5,9,4,8,11,6
8,4,4,6,10,4,8,8
10,5,4,5,11,6,8,4
4,2,7,6,9,3,5,8
3,7,5,5,4,10,8,4
6,5,8,4,8,5,8,10
10,10,4,5,6,7,4,4
3,7,3,7,9,8,4,3
3,6,8,10,5,4,4,5
6,5,2,7,11,9,7,4
4,2,5,6,4,6,7,9
7,7,8,1,6,4,3,3
6,3,8,8,2,3,7,7
4,2,4,8,6,0,2,7
3,3,2,1,6,6,1,3
2,4,2,3,7,1,5,3
2,3,6,6,2,1,6,4
5,5,4,3,3,3,3,5
3,1,1,2,3,4,3,4
5,3,2,5,5,0,3,2
3,4,2,3,4,4,4,2
4,6,5,2,7,4,6,5
3,6,6,4,4,3,3,8
11,5,13,6,11,9,12,4
10,5,3,13,11,10,11,10
11,7,6,11,13,9,7,4
8,9,10,7,11,8,6,6
7,6,5,5,3,4,1,5
2,1,3,3,2,3,3,2
3,1,2,1,3,5,3,1
4,1,1,5,1,2,3,0
1,1,3,2,1,2,2,3
0,2,1,2,2,2,1,3
1,2,2,2,0,0,0,3
0,3,0,1,0,0,1,0
0,0,0,0,1,0,2,0
0,1,3,3,2,0,2,0
3,0,0,1,4,0,0,0
2,0,0,2,4,1,1,2
1,2,1,2,0,3,1,1
2,2,0,1,0,0,0,3
2,1,2,1,1,2,1,1
1,0,1,1,1,2,2,2
1,4,0,0,3,0,1,1
1,0,6,1,1,3,1,0
0,0,3,0,3,1,0,0
1,4,1,1,0,0,3,2
0,0,1,0,4,1,4,1
0,1,0,1,1,0,0,2
0,0,1,0,0,2,0,2
1,1,0,1,3,2,0,0
0,1,0,0,1,1,0,0
1,0,3,0,0,1,2,4
0,1,2,0,1,0,1,0
2,1,0,1,0,0,1,0
0,0,0,2,0,0,0,1
0,1,0,1,1,2,1,4
1,1,1,1,1,1,1,0
0,3,1,0,0,1,2,0
0,1,0,1,4,1,2,2
1,2,0,2,0,0,1,3
0,0,0,2,0,1,2,0
1,0,1,0,0,0,1,2
1,1,0,2,0,1,3,1
0,0,0,2,1,0,0,1
0,0,1,1,0,2,0,0
1,0,3,0,2,0,0,0
1,1,1,0,0,2,0,0
0,0,0,1,0,0,0,0
2,0,0,0,1,0,0,1
1,0,0,1,0,0,0,0
1,0,0,0,0,0,0,1
0,0,1,1,0,0,0,0
0,1,0,1,2,0,0,0
0,0,0,0,0,1,0,1
1,0,0,0,1,1,1,1
0,0,0,0,1,0,0,0
