SpectrumName : C37.SPC
XUnit        : 
YUnit        : 
Length       : 1024
SubSpcNum    : 1
StartSubSpc  : 0
StopSubSpc   : 0
Comment      : 
Realtime     : 211.150
Livetime     : 210.800
Deadtime     : 0.350
FastChannel  : 29950
Starttime    : 31.12.1999 13:29:36
Stoptime     : 31.12.1999 13:33:07
CalibCoeff   : a=0.000000000E+000 b=0.000000000E+000 c=0.000000000E+000 d=0.000000000E+000
SpectrumText : 0 
0,0,0,0,0,0,0,0
1,8,22,30,38,33,46,37
39,58,51,57,60,61,51,73
65,52,72,57,49,65,63,67
57,70,57,65,74,61,60,65
62,66,71,71,68,84,68,79
67,89,86,78,85,90,90,90
92,81,83,82,95,86,90,88
83,105,91,101,103,92,104,111
98,97,122,104,124,90,86,100
114,112,92,103,100,89,93,85
84,89,91,82,90,76,87,82
98,104,97,92,84,71,104,85
83,101,100,96,79,79,81,94
64,89,76,88,81,83,95,79
70,64,101,74,86,76,78,99
65,75,90,100,79,58,65,89
88,82,73,80,90,84,80,81
70,79,71,70,74,67,84,78
76,80,72,63,69,57,71,78
66,69,76,79,81,85,80,64
65,68,74,74,79,68,64,76
84,87,97,79,67,70,79,78
69,77,79,83,95,69,80,76
79,75,71,54,68,73,64,56
75,72,51,55,42,39,47,50
47,50,32,26,43,35,37,38
29,29,34,27,34,20,29,28
27,27,31,36,19,34,28,33
24,26,29,26,20,32,31,27
21,23,23,32,23,23,25,24
34,26,29,23,26,32,24,22
33,27,41,32,34,47,51,59
56,71,80,97,117,124,149,161
197,243,238,301,323,324,389,398
463,469,487,543,550,478,537,520
466,493,427,445,399,353,334,294
285,221,200,165,163,111,94,66
47,52,33,32,26,19,16,7
10,7,8,3,5,2,3,3
1,1,3,5,0,2,2,2
1,1,0,1,2,2,3,1
5,3,4,4,1,1,2,1
0,2,3,1,1,1,3,1
2,1,1,3,3,0,1,1
2,2,1,2,2,1,1,0
2,1,2,1,3,2,1,2
1,1,2,4,2,0,2,1
1,1,0,2,0,2,3,2
2,0,1,2,2,2,4,0
0,1,2,3,4,2,1,3
2,3,2,0,2,2,2,1
1,2,0,3,3,0,2,2
4,0,2,3,2,0,1,1
2,2,3,1,1,2,1,0
2,1,2,2,3,1,3,2
1,0,2,2,1,3,3,2
0,2,0,0,2,2,1,0
2,1,1,1,4,0,4,1
1,2,2,2,2,1,1,2
1,2,1,1,2,1,2,3
1,3,0,0,1,1,1,0
1,1,1,1,2,3,1,2
0,0,2,0,1,2,1,2
1,1,2,1,0,1,1,3
0,0,0,2,2,0,1,0
0,0,1,1,2,0,0,0
5,0,1,2,0,1,1,0
0,0,0,0,0,0,0,0
0,0,1,0,0,0,1,3
1,2,1,1,0,0,2,0
0,0,2,1,2,1,1,0
0,1,0,0,0,0,0,1
0,1,0,0,2,2,0,1
1,0,1,1,1,3,4,1
3,1,2,0,4,1,2,1
1,2,2,1,3,1,1,0
1,3,1,0,4,0,3,2
0,1,3,0,2,0,1,0
0,2,0,1,0,0,0,1
0,0,0,1,0,1,1,0
0,0,0,0,1,0,1,0
1,0,0,1,0,0,0,0
0,0,1,1,0,0,0,0
0,1,1,1,1,0,0,0
0,0,0,0,0,0,0,0
1,1,0,0,0,1,0,0
0,1,0,0,0,0,0,0
0,0,0,0,0,1,0,0
0,0,0,0,0,0,0,0
1,1,0,1,0,0,0,0
0,0,1,0,0,0,0,1
0,0,0,3,1,0,1,0
0,0,0,0,1,1,1,1
0,1,1,0,1,1,0,0
0,0,0,1,0,0,0,2
0,0,0,0,0,0,0,0
0,1,0,0,0,0,0,1
0,0,1,0,0,0,0,0
0,0,0,0,0,0,0,0
0,0,0,1,0,0,0,0
0,1,0,0,0,0,0,0
0,0,0,0,1,0,0,0
0,0,0,0,0,0,0,0
0,0,0,0,1,0,0,0
0,0,0,0,0,0,1,0
0,0,0,0,1,0,0,0
0,0,1,0,1,0,0,1
0,0,0,0,0,0,1,0
1,0,1,0,0,0,0,0
0,0,0,1,0,0,0,0
0,0,0,0,0,2,0,0
1,0,0,0,0,0,0,0
0,0,0,0,0,0,0,0
1,0,0,0,0,0,0,0
0,0,0,0,0,1,0,0
0,1,1,1,0,0,0,0
0,0,0,0,0,0,0,0
1,0,0,0,0,0,0,0
0,0,0,0,0,0,1,0
0,1,0,0,0,0,0,0
0,0,0,0,0,0,0,0
0,0,0,0,0,0,0,0
0,0,0,0,0,0,0,0
0,0,0,0,0,0,0,0
0,1,0,0,0,0,0,0
0,0,0,1,0,0,0,0
0,0,0,0,0,0,0,0
