SpectrumName : C38.SPC
XUnit        : 
YUnit        : 
Length       : 1024
SubSpcNum    : 1
StartSubSpc  : 0
StopSubSpc   : 0
Comment      : 
Realtime     : 630.480
Livetime     : 628.410
Deadtime     : 2.070
FastChannel  : 36166
Starttime    : 31.12.1999 13:33:54
Stoptime     : 31.12.1999 13:44:24
CalibCoeff   : a=0.000000000E+000 b=0.000000000E+000 c=0.000000000E+000 d=0.000000000E+000
SpectrumText : 0 
0,0,0,0,0,0,0,0
1,7,16,36,41,47,58,55
59,85,63,71,68,79,67,84
80,75,70,77,79,67,80,69
85,89,84,81,81,99,100,107
104,87,108,114,120,129,136,135
124,136,155,161,137,129,141,139
152,163,153,149,158,129,147,157
144,194,153,115,150,142,147,144
145,131,155,133,168,157,167,151
153,158,149,148,138,156,147,150
154,150,147,132,139,138,136,146
149,134,140,132,121,117,160,99
106,118,117,117,114,126,125,127
122,131,133,117,115,119,102,102
106,119,127,102,95,96,84,99
106,119,79,80,101,100,97,79
98,70,88,85,83,95,90,100
96,93,88,96,82,74,91,99
73,86,90,85,103,72,88,80
104,107,87,80,91,85,76,91
72,81,74,92,66,83,94,78
91,86,83,92,81,67,93,89
77,78,81,85,87,77,88,71
74,97,81,74,74,70,78,64
67,59,73,52,51,59,46,53
46,46,47,50,42,34,36,51
44,38,43,35,48,35,30,38
43,28,35,39,33,31,26,23
39,34,34,41,30,25,31,29
22,29,18,33,28,34,31,26
29,37,32,49,35,34,45,42
41,37,42,42,44,57,71,66
76,100,92,92,136,137,152,178
219,219,272,284,334,353,366,385
375,446,492,473,477,442,454,461
434,424,426,359,319,337,261,228
200,205,171,117,100,89,88,60
66,44,32,26,17,18,9,14
10,11,15,8,6,10,10,12
8,14,7,3,7,5,7,5
6,2,7,4,5,5,5,7
5,4,4,5,10,5,12,7
7,3,5,5,7,8,10,6
6,4,10,6,8,6,1,4
2,10,8,6,5,5,1,6
3,4,3,2,6,5,6,7
7,4,12,4,3,7,8,3
8,5,2,3,6,6,1,6
4,13,5,6,3,8,7,6
8,4,5,7,5,0,9,3
7,3,4,8,7,6,6,4
8,5,2,8,5,6,6,8
9,6,3,4,2,1,2,6
3,4,5,5,2,7,2,6
2,5,3,5,4,2,4,4
2,3,5,4,7,7,5,2
4,4,4,6,1,3,2,4
2,4,1,6,7,3,3,2
6,2,3,2,9,3,2,4
3,4,2,4,1,3,3,4
2,2,5,2,4,2,5,4
4,2,6,0,4,3,6,4
2,1,3,2,2,4,2,4
2,2,2,1,2,4,1,4
0,1,4,3,2,1,4,2
3,1,4,1,2,1,3,4
1,3,2,2,2,3,3,3
0,5,4,0,2,4,1,4
1,1,2,1,3,3,1,2
2,0,3,3,3,1,1,1
5,1,1,3,5,0,4,1
5,2,1,1,1,4,1,1
1,2,1,1,1,1,1,5
5,1,7,1,2,7,7,7
2,6,8,4,5,5,6,7
6,7,6,1,5,8,7,2
4,5,1,7,6,2,3,2
5,2,4,3,2,3,3,4
1,3,2,1,2,3,1,0
0,1,2,1,3,0,2,1
1,0,1,3,0,0,1,0
1,0,2,3,3,1,0,1
0,2,0,2,2,2,1,1
0,0,1,0,1,1,0,0
0,1,2,0,1,2,3,1
0,0,0,3,0,0,0,0
1,0,0,0,2,0,0,1
1,0,0,0,3,0,0,2
0,0,1,2,0,0,1,0
2,1,0,1,0,0,0,0
0,1,1,0,1,1,0,2
0,0,0,0,0,3,1,1
0,1,1,3,1,1,1,2
0,2,1,0,2,0,0,1
1,1,2,0,0,1,0,0
1,0,1,0,0,0,2,1
1,1,1,0,0,0,0,0
0,0,1,0,0,0,1,0
0,0,2,0,0,1,0,1
0,0,0,0,0,0,1,0
2,0,1,0,3,0,1,0
0,0,0,0,2,0,0,0
0,0,0,0,0,0,0,1
0,1,0,1,0,0,0,1
1,0,0,1,1,0,0,0
0,0,0,0,0,0,0,1
0,1,1,0,0,1,0,0
0,0,0,1,0,0,1,0
0,1,1,0,2,0,1,0
0,0,0,0,1,0,0,0
1,0,1,0,2,1,0,1
1,0,1,0,1,0,1,0
0,0,0,0,1,0,2,0
1,0,0,0,0,1,1,1
1,0,1,0,2,0,0,1
1,0,0,2,0,0,1,0
0,1,0,2,1,1,0,0
0,0,1,0,0,0,0,0
0,0,0,1,1,1,0,1
0,0,0,0,0,1,1,0
0,0,1,1,0,0,1,0
0,0,0,0,0,2,0,0
0,0,0,0,1,0,0,0
0,0,0,0,0,0,0,0
0,0,1,1,0,0,0,0
1,0,0,0,0,0,0,0
0,0,0,0,0,0,0,0
