SpectrumName : C39.SPC
XUnit        : 
YUnit        : 
Length       : 1024
SubSpcNum    : 1
StartSubSpc  : 0
StopSubSpc   : 0
Comment      : 
Realtime     : 719.000
Livetime     : 716.730
Deadtime     : 2.270
FastChannel  : 37318
Starttime    : 31.12.1999 13:44:59
Stoptime     : 31.12.1999 13:56:58
CalibCoeff   : a=0.000000000E+000 b=0.000000000E+000 c=0.000000000E+000 d=0.000000000E+000
SpectrumText : 0 
0,0,0,0,0,0,0,0
0,7,18,34,49,36,62,57
70,69,62,82,75,81,84,85
76,77,57,71,80,62,94,85
80,80,81,83,81,95,100,92
115,110,103,124,126,127,135,124
120,142,122,126,164,138,133,166
150,161,163,146,141,157,148,170
165,154,178,141,139,178,152,152
144,167,166,166,154,164,194,184
157,147,169,156,155,144,166,143
163,138,147,135,128,156,137,119
136,144,130,127,130,120,146,139
148,154,138,116,115,113,122,118
111,111,140,108,118,126,102,103
108,120,92,119,104,101,120,96
117,115,102,110,103,107,98,102
101,82,101,102,93,107,93,91
85,90,97,88,90,84,111,89
95,87,88,96,86,81,93,82
84,101,79,85,77,100,85,75
81,70,93,84,80,78,63,94
65,80,76,71,77,101,87,80
74,97,79,78,79,73,79,84
74,82,82,81,67,73,64,70
67,64,58,61,61,53,48,41
44,56,41,34,48,32,49,41
39,41,36,25,47,32,33,25
45,32,34,38,34,31,42,32
31,32,31,30,29,29,36,31
37,40,31,39,30,32,29,36
32,29,33,31,35,32,52,33
37,43,51,38,58,40,50,60
79,86,79,96,121,151,143,181
221,246,251,261,310,362,393,397
418,478,438,474,449,461,451,504
490,435,418,338,394,311,323,260
248,193,176,141,126,96,68,82
45,48,43,34,26,13,12,10
16,17,11,7,8,8,12,7
7,7,12,12,14,9,8,7
4,9,6,8,9,9,5,9
5,7,11,11,5,6,6,9
7,3,6,10,2,7,2,8
10,11,6,5,8,9,8,3
4,7,5,7,5,10,5,3
6,5,4,6,10,5,9,10
9,8,8,6,12,7,12,8
3,5,8,4,10,4,6,9
12,7,9,7,11,5,7,3
6,8,1,9,8,7,6,12
8,5,9,7,5,4,4,3
3,8,5,7,6,3,5,3
2,3,1,2,3,6,7,5
7,5,9,5,2,3,4,6
8,6,2,2,2,5,1,3
4,2,4,5,3,6,3,4
5,1,3,6,8,7,10,8
4,3,7,4,5,6,6,3
5,7,3,6,9,3,5,6
5,5,5,10,4,6,1,3
2,4,3,7,2,2,2,6
4,1,4,3,1,2,2,5
0,2,1,1,6,4,3,2
4,3,4,2,3,2,4,5
1,1,1,1,1,3,3,4
7,3,6,1,1,3,2,3
0,0,6,3,2,1,1,1
4,1,2,5,2,0,1,1
1,3,4,1,1,1,0,1
1,4,3,2,0,0,2,3
2,2,3,3,1,2,3,0
2,4,3,1,3,1,2,5
2,1,1,5,4,3,4,9
4,3,3,5,4,3,5,1
7,4,6,4,4,4,9,6
6,4,6,5,6,3,8,6
7,6,3,3,5,5,4,5
7,1,3,4,6,2,4,1
3,2,1,1,1,1,0,2
2,0,1,0,0,2,2,2
0,1,2,1,0,2,1,0
1,3,1,0,1,0,1,1
0,2,0,2,0,0,1,4
3,1,1,0,1,1,3,0
0,1,1,1,2,2,1,1
0,1,0,1,0,3,1,0
1,0,1,2,0,0,1,0
0,1,1,1,2,1,1,2
0,3,0,1,1,2,0,0
0,1,0,0,0,3,3,1
0,0,0,2,0,0,1,2
3,1,0,1,0,1,1,0
1,0,0,1,0,1,0,0
1,1,0,0,0,1,2,0
2,0,2,0,0,0,1,1
3,0,2,2,1,1,0,1
0,1,2,0,1,1,0,0
0,0,0,1,0,1,1,0
0,1,0,1,1,0,0,1
0,0,1,2,2,2,0,1
0,1,0,0,0,2,2,1
1,1,2,0,0,1,1,1
1,1,0,0,1,0,1,0
0,0,1,0,1,0,2,0
0,0,0,0,0,0,0,1
1,1,0,0,0,0,2,0
1,0,1,0,2,3,0,0
0,0,2,0,2,1,0,0
1,0,2,1,0,3,0,0
0,0,2,0,0,1,0,0
2,2,0,2,1,0,1,1
1,1,0,1,0,1,0,1
0,0,2,0,1,1,1,1
2,0,0,2,0,1,0,0
0,0,3,0,1,0,1,0
0,1,1,1,0,0,1,1
1,0,0,2,0,1,2,1
0,0,0,0,1,0,0,1
2,2,1,0,0,1,2,0
0,1,0,0,2,0,0,0
0,0,0,0,0,0,1,1
0,1,1,1,1,0,0,0
1,0,0,0,1,0,0,0
0,1,1,0,0,0,0,0
0,0,0,1,0,0,0,0
0,0,1,0,1,0,0,0
0,0,1,0,0,0,0,0
