SpectrumName : Cs137_OhneWuerfel.SPC
XUnit        : 
YUnit        : 
Length       : 1024
SubSpcNum    : 1
StartSubSpc  : 0
StopSubSpc   : 0
Comment      : 
Realtime     : 306.400
Livetime     : 305.500
Deadtime     : 0.900
FastChannel  : 163118
Starttime    : 31.12.1999 09:54:32
Stoptime     : 31.12.1999 09:59:38
CalibCoeff   : a=0.000000000E+000 b=0.000000000E+000 c=0.000000000E+000 d=0.000000000E+000
SpectrumText : 0 
0,0,0,0,0,0,0,0
14,37,83,218,193,254,260,269
261,300,294,281,291,279,320,335
318,319,317,303,357,291,328,321
304,325,314,330,345,347,343,359
360,341,374,390,401,368,361,393
361,396,395,391,412,408,420,404
417,396,386,437,377,407,391,429
400,443,458,452,418,458,477,446
432,497,459,486,460,489,485,522
534,519,505,530,530,551,527,509
542,530,501,501,459,461,482,489
490,514,455,463,441,457,439,462
467,483,488,474,441,434,437,421
434,448,433,428,457,420,441,442
413,460,446,404,404,397,415,431
394,416,409,449,421,462,398,435
409,404,413,382,391,420,397,412
401,434,399,438,424,389,421,407
423,409,379,412,379,419,390,386
419,362,437,399,440,408,452,445
400,417,420,420,366,418,418,437
397,428,434,418,412,428,452,450
442,416,421,424,435,428,436,439
406,421,407,365,375,380,398,350
336,288,279,296,293,274,254,263
249,227,213,183,218,178,171,179
188,162,180,171,162,166,146,150
136,142,145,158,128,120,141,146
139,139,111,137,159,138,124,133
147,145,126,120,110,135,154,135
126,121,119,137,145,151,178,182
166,165,180,228,208,239,303,356
353,404,490,553,659,805,921,1031
1232,1401,1528,1649,1862,2085,2256,2537
2610,2694,2930,2944,3090,3079,3094,3062
3007,2781,2695,2656,2352,2182,1964,1785
1500,1404,1244,1008,776,622,536,444
338,281,215,153,124,87,81,44
35,18,20,20,10,7,8,10
5,6,3,1,2,2,3,2
3,4,3,5,5,4,3,3
3,1,3,3,4,5,3,3
6,2,4,4,4,2,2,3
1,2,1,5,3,4,3,4
5,4,4,2,0,3,3,4
5,4,5,2,1,0,0,3
0,2,0,2,2,1,4,1
2,7,5,0,1,1,1,2
3,3,3,4,3,2,4,1
3,3,4,4,2,4,3,1
6,3,2,1,0,3,1,4
2,3,4,1,2,2,2,1
2,3,2,1,4,6,0,2
2,4,0,1,0,0,1,1
3,1,4,0,1,0,2,3
3,3,4,1,0,1,3,1
1,2,3,3,1,1,0,3
1,1,0,4,2,2,1,2
0,2,3,2,0,6,1,3
2,2,3,2,1,2,1,0
5,2,1,1,0,2,2,3
2,4,1,3,2,1,3,1
1,4,1,0,3,1,1,1
2,2,0,2,2,3,3,0
0,3,0,1,2,1,2,3
2,1,1,0,1,2,1,1
1,0,2,1,0,1,1,0
1,3,0,3,0,0,0,2
0,3,2,0,2,0,4,1
0,0,1,0,1,0,0,2
0,0,2,1,0,0,2,0
2,1,0,4,0,0,2,1
3,0,1,0,0,2,0,3
4,1,1,0,0,1,2,2
3,5,0,1,2,3,5,3
3,1,2,6,1,5,3,2
5,2,2,2,3,3,2,1
0,3,2,0,1,1,1,1
1,0,1,3,0,0,0,2
0,1,1,0,0,1,0,1
1,0,0,0,0,1,0,0
0,0,2,1,0,0,2,1
1,1,0,0,0,1,2,1
0,0,1,1,0,0,0,0
2,1,0,4,0,1,1,0
0,0,1,1,0,0,1,0
1,0,0,0,0,0,3,0
0,0,0,0,0,0,0,0
0,0,1,0,0,0,0,0
0,1,0,0,0,1,0,0
0,0,1,1,2,2,1,1
0,1,0,1,0,0,0,0
2,0,1,0,0,0,0,0
1,2,0,2,0,1,0,0
1,0,0,0,0,0,1,1
1,1,0,0,0,0,0,0
0,0,1,0,0,0,0,0
0,0,0,0,0,0,0,0
0,0,0,0,0,0,0,0
0,0,0,0,1,0,0,0
1,0,0,0,0,0,0,0
0,0,0,0,1,0,0,0
0,0,0,0,0,0,0,0
0,0,0,0,0,1,0,0
0,0,1,0,1,0,1,1
0,0,0,0,1,0,0,1
0,0,0,0,0,0,0,0
1,0,1,0,0,1,0,1
0,0,0,0,0,1,0,0
0,0,0,0,0,0,0,0
0,0,0,2,0,0,0,0
1,0,1,0,0,1,0,0
0,3,0,1,0,1,0,0
1,1,1,0,0,0,0,0
0,1,0,0,0,0,0,1
1,0,0,1,0,0,0,0
1,0,0,0,0,0,0,0
0,1,0,0,0,0,1,0
0,0,1,0,0,0,0,1
0,0,0,0,0,0,0,0
0,0,0,0,1,1,1,0
0,1,0,1,0,0,0,0
0,0,1,0,0,1,0,0
0,0,1,0,0,0,0,1
1,0,0,0,0,0,0,2
0,0,0,0,0,0,0,0
0,0,0,0,0,0,1,0
