# I_Anode = 1 mA, I_Heiz = 0.8 A, V_sel = 10, U_Anode = 130V

# f / kHz | U_a/V | delta_f / kHz | V_N | delta nu / kHz
460		0.487		0.002		20		21.5
400		0.519		0.03		20		24.3
360		0.630		0.04		20		24.4
300		0.555		0.005		20		23.4
260		0.460		0.004		20		20.6
220		0.505		0.005		20		21.0
180		0.405		0.005		20		16.1
160		0.379		0.005		20		14.4
120		0.302		0.002		20		11.6
100		2.02		0.01		50		12.1
64		1.39		0.02		50		8.17
33		0.77		0.01		50		4.5
17		0.40		0.01		50		2.35
10		0.24		0.002		50		1.4
6.4		0.140		0.005		50		0.89
3.3		0.070		0.003		50		0.46
1.7		0.030		0.005		50		0.24
1.0		0.084		0.005		100		0.14
0.64	0.050		0.001		100		0.09
0.33	0.130		0.01		200		0.047
0.17	0.079		0.05		200		0.025
0.10	0.040		0.01		200		0.015
0.064	0.080		0.01		200		0.0093
0.033	0.250		0.01		200		0.0046
0.017	0.700		0.05		200		0.0023
0.010	1.8			0.1			200		0.0012
