###########################################################################
#                          Stabilitätsbedingung                           #
###########################################################################
#
# Index 0
# l/cm 	I/mA
100 	0.550
101 	0.515
102 	0.601
103 	0.493
104 	0.496
105 	0.485
106 	0.325
107 	0.265
108 	0.218
109 	0.242
110 	0.208
111 	0.209
112 	0.306
113 	0.170
114 	0.190
115 	0.034
116 	0.144
117 	0.170
118 	0.225
119 	0.376
120 	0.400
121 	0.395
122 	0.457
123 	0.532
124 	0.478
125 	0.211
126 	0.058
127 	0.000
172 	0.034
173 	0.268
174 	0.282
175 	0.145
176 	0.019
177 	0.030
178 	0.086
180 	0.344
181 	0.155
182 	0.176
183 	0.178
184 	0.198
185 	0.265
186 	0.200


# Index 1
# r_1 = 1400 mm, r_2 = 1400 mm
#
# l/cm 	I/mA
100 	52.2
101 	50.0
102 	63.7
103	61.0
104	72.6
105	69.5
106	64.9
107	64.0
108 	92.4
109 	167.0
110 	164.9
111 	99.0
112 	64.3
113 	92.2
114 	92.0
115 	94.7
116 	92.4
117 	71.9
118 	66.0
119 	20.9
120 	16.9
121 	23.8
122 	21.3
123 	22.4
124 	13.4
125 	5.4
126 	2.0
127 	0.20
128 	0.23
129 	2.3
130 	1.5
131 	1.3
132 	1.7
133 	2.0
134 	0.8
135 	0.9
136 	0.4
137 	0.13
138 	0.07
139 	0.6
140 	0.8
141 	0.7
142 	0.8
143 	0.9
144 	0.6
145 	0.7
146 	1.3
147 	1.2
148 	1.8
149 	1.4
150 	1.6
151 	2.7
152 	2.7
153 	2.3


# Index 2
# r_1 = 1000 mm, r_2 = 1400 mm
#
# l/cm 	I/mA
90 	88.9
91 	69.4
92 	101.9
93 	97.9
94 	87.9
95 	80.4
96 	79.5
97 	117.1
98 	111.3
99 	95.7
100 	124.9
101 	95.8
102 	61.4
103 	48.9
104 	28.0
105 	16.1
106 	9.3
107 	7.0
108 	4.5
109 	0.6
110 	0.6
111 	0.0
180 	45.4
178 	43.0
176 	15.2
174 	14.9
172 	9.4
170 	14.1
168 	8.8
166 	8.5
164 	4.9
162 	4.0
160 	5.3
158 	4.0
156 	2.7
154 	3.9
152 	1.5
150 	0.4
148 	0.0


###########################################################################
#                                  Moden                                  #
###########################################################################
#
# Index 3
# Abstand Spiegel-Diode L = 61.0 cm
# Resonator: L = 66.0 cm
#
# a/mm 	I/nA
-10 	4.55
-9 	3.15
-8 	3.30
-7 	12.46
-6 	22.7
-5 	36.3
-4 	100.0
-3 	250
-2 	570
-1 	928
0 	1434
1 	2200
2 	2600
3 	3220
4 	3300
5 	2640
6 	1580
7 	440
8 	74
9 	150
10 	465
11 	670
12 	880
13 	1058
14 	1244
15 	1200
16 	972
17 	816
18 	516
19 	318
20 	134
21 	38
22 	18.0
23 	12.5
24 	3.95
25 	0.99


# Index 4
# a/mm 	I/muA
-10 	0.0037
-9 	0.0038
-8 	0.0143
-7 	0.0263
-6 	0.0374
-5 	0.0537
-4 	0.0796
-3 	0.0122
-2 	0.232
-1 	0.441
0 	0.919
1 	1.606
2 	2.65
3 	4.09
4 	5.38
5 	7.08
6 	7.98
7 	9.22
8 	8.94
9 	8.12
10 	8.00
11 	7.28
12 	5.78
13 	4.00
14 	2.51
15 	1.49
16 	0.881
17 	0.533
18 	0.223
19 	0.104
20 	0.050


###########################################################################
#                              Polarisation                               #
###########################################################################
#
# Index 5
# phi/° 	I/muA
0 	24.7
10 	27.8
20 	31.0
30 	42.5
40 	46.6
50 	50.8
60 	40.6
70 	33.9
80 	37.7
90 	35.2
100 	21.6
110 	10.93
120 	3.32
130 	0.23
140 	0.575
150 	4.25
160 	16.99
170 	27.8
180 	39.8
190 	52.9
200 	56.7
210 	56.6
220 	72.6
230 	50.5
240 	47.9
250 	41.8
260 	30.0
270 	17.0
280 	12.9
290 	6.2
300 	1.858
310 	0.63
320 	0.729
330 	3.60
340 	8.58
350 	15.44


###########################################################################
#                                 Gitter                                  #
###########################################################################
#
# Index 6
# L = 47.7 cm
# g = 100 Linien/mm
#
# Ordnung a_rechts/cm 	a_links/cm
1 	3.2 	3.0
2 	6.3 	6.3
3 	9.3 	9.3
4 	12.5 	12.5
5 	15.7 	15.7
6 	19.1 	19.2
7 	22.6 	20.4
8 	26.6 	25.0
9 	31.1 	29.9
