###########################################################################
#                             Dipolrelaxation                             #
###########################################################################
#
# Messung 1
# T/°C 	I/A 	I_H/A
-40 	0.06e-11 	0.8
-38.2 	0.05e-11 	0.8
-36.5 	0.046e-11  	0.8
-34.8 	0.044e-11  	0.9
-33.2 	0.041e-11 	0.9
-31.5 	0.040e-11 	0.9
-29.8 	0.039e-11 	1.0
-28.2 	0.037e-11 	1.0
-26.6 	0.035e-11 	1.0
-24.8 	0.033e-11 	1.0
-23.5 	0.034e-11 	1.0
-22.0 	0.033e-11 	1.0
-20.5 	0.032e-11 	1.0
-19.1 	0.032e-11 	1.2
-17.6 	0.032e-11 	1.2
-16.2 	0.032e-11 	1.2
-14.3 	0.032e-11 	1.2
-13.4 	0.031e-11 	1.2
-12.0 	0.032e-11 	1.2
-10.5 	0.032e-11 	1.3
-9.4 	0.032e-11 	1.4
-8.2 	0.033e-11 	1.4
-6.9 	0.034e-11 	1.4
-5.6 	0.034e-11 	1.4
-4.3 	0.035e-11 	1.5
-3.0 	0.035e-11 	1.5
-1.7 	0.036e-11 	1.7
-0.5 	0.037e-11 	1.7
1.0 	0.038e-11 	1.7
2.2 	0.039e-11 	1.7
3.7 	0.040e-11 	2.0
5.3 	0.043e-11 	2.0
7.0 	0.047e-11 	2.0
8.6 	0.050e-11 	2.0
10.3 	0.060e-11 	2.2
12.1 	0.075e-11 	2.3
14.0 	0.089e-11 	2.3
16.0 	0.110e-11 	2.3
18.0 	0.120e-11 	2.3
20.0 	0.120e-11 	2.3
21.7 	0.120e-11 	2.3
23.5 	0.115e-11 	2.3
25.4 	0.110e-11 	2.3
28.6 	0.115e-11 	2.3
30.4 	0.120e-11 	2.3
31.8 	0.125e-11 	2.3
33.3 	0.130e-11 	2.3
34.7 	0.135e-11 	2.3
36.2 	0.145e-11 	2.5
37.8 	0.155e-11 	2.5
39.5 	0.170e-11 	2.5
41.1 	0.185e-11 	2.5
42.8 	0.210e-11 	2.5
44.3 	0.230e-11 	2.5
45.8 	0.255e-11 	2.7
47.8 	0.300e-11 	2.7
51.0 	0.38e-11 	2.7
52.8 	0.34e-11 	2.7
54.6 	0.50e-11 	2.7
56.2 	0.55e-11 	2.7
59.4 	0.67e-11 	2.7
60.8 	0.74e-11 	2.7
62.7 	0.79e-11 	2.7
63.7 	0.82e-11 	2.7
65.2 	0.86e-11 	2.7
66.8 	0.89e-11 	2.9
68.5 	0.90e-11 	2.9
70.3 	0.90e-11 	2.9
72.0 	0.90e-11 	2.9
73.8 	0.88e-11 	2.9
75.4 	0.86e-11 	2.9
77.0 	0.85e-11 	2.9
78.7 	0.83e-11 	2.9
80.1 	0.82e-11 	2.9
81.6 	0.80e-11 	2.9
83.0 	0.79e-11 	2.9
84.3 	0.78e-11 	2.9
85.7 	0.77e-11 	2.9
87.0 	0.75e-11 	2.9


# Messung 2
# T/°C 	I/A 	I_H/A
-40.0 	0.060e-11 	1.5
-37.6 	0.053e-11 	1.5
-35.0 	0.049e-11 	1.5
-32.4 	0.047e-11 	1.5
-29.8 	0.044e-11 	1.7
-27.2 	0.042e-11 	1.7
-24.6 	0.040e-11 	1.7
-22.1 	0.040e-11 	1.7
-19.6 	0.039e-11 	1.7
-17.3 	0.039e-11 	1.7
-15.0 	0.039e-11 	1.7
-12.8 	0.038e-11 	1.7
-10.8 	0.038e-11 	2.0
-8.0 	0.040e-11 	2.0
-6.1 	0.040e-11 	2.0
-4.0 	0.040e-11 	2.0
-2.0 	0.041e-11 	2.3
0.3 	0.042e-11 	2.3
3.0 	0.043e-11 	2.3
5.2 	0.045e-11 	2.3
7.9 	0.047e-11 	2.3
10.0 	0.055e-11 	2.3
12.0 	0.066e-11 	2.3
14.2 	0.089e-11 	2.6
16.8 	0.120e-11 	2.6
19.3 	0.160e-11 	2.6
21.8 	0.190e-11 	2.6
27.3 	0.175e-11 	2.6
26.8 	0.150e-11 	2.6
29.2 	0.140e-11 	2.6
31.5 	0.140e-11 	2.6
33.6 	0.135e-11 	2.6
35.9 	0.145e-11 	2.8
38.2 	0.150e-11 	2.8
40.4 	0.160e-11 	2.8
43.1 	0.180e-11 	3.0
45.5 	0.195e-11 	3.0
48.2 	0.220e-11 	3.0
50.8 	0.250e-11 	3.0
53.2 	0.285e-11 	3.0
55.7 	0.340e-11 	3.0
58.3 	0.410e-11 	3.0
60.5 	0.470e-11 	3.0
62.8 	0.550e-11 	3.0
65.3 	0.640e-11 	3.2
67.9 	0.720e-11 	3.2
70.4 	0.810e-11 	3.2
72.9 	0.910e-11 	3.2
75.4 	0.990e-11 	3.2
77.8 	1.05e-11 	3.2
80.0 	1.10e-11 	3.2
82.3 	1.10e-11 	3.2
84.6 	1.10e-11 	3.2
87.2 	1.05e-11 	3.2
90.0 	1.00e-11 	3.2
92.5 	0.99e-11 	3.2
95.5 	0.97e-11 	3.2
