# Leitungskonstanten, 75 ohm Kabel, kurz
#
# f / kHz, C / pF, R / ohm, L / muH
0.2 	990.14 	0.5228 	2.5
0.4 	990.07 	0.5220 	3.1
0.6 	990.10 	0.5217 	3.1
0.8 	990.14  0.5215 	3.2
1 	990.04 	0.5213  3.2
2 	989.90 	0.5212 	3.18
3 	989.93 	0.5210 	3.18
4 	989.88 	0.5210 	3.19
5 	989.90 	0.5211 	3.18
6 	989.91 	0.5211 	3.18
7 	989.93 	0.5212 	3.18
8 	989.94 	0.5213 	3.18
9 	989.92 	0.5215 	3.18
10 	989.95  0.5216 	3.18
11 	990.01 	0.5218 	3.18
12 	990.05 	0.5219 	3.18
13 	990.07  0.5223 	3.18
14 	990.12 	0.5225 	3.18
15 	990.13 	0.5220 	3.18
16 	990.01 	0.5216 	3.18
17 	990.01 	0.5215  3.18
18 	990.04 	0.5219 	3.18
19 	989.98 	0.5222 	3.18
20 	989.96 	0.5226 	3.18
