# THETA  PSD
0.0000    1092400
0.0050     890860
0.0100     732209
0.0150     603383
0.0200     528670
0.0250     479162
0.0300     437669
0.0350     413183
0.0400     388952
0.0450     364747
0.0500     349304
0.0550     332455
0.0600     306750
0.0650     290153
0.0700     273336
0.0750     257563
0.0800     251683
0.0850     241237
0.0900     229666
0.0950     221535
0.1000     209389
0.1050     192546
0.1100     179462
0.1150     161341
0.1200     144721
0.1250     129218
0.1300     114081
0.1350      98394
0.1400      86797
0.1450      76109
0.1500      67899
0.1550      60753
0.1600      55501
0.1650      50073
0.1700      45901
0.1750      41606
0.1800      37569
0.1850      34010
0.1900      30312
0.1950      26692
0.2000      22936
0.2050      20058
0.2100      17149
0.2150      14521
0.2200      12522
0.2250      10357
0.2300       8264
0.2350       6613
0.2400       5284
0.2450       3936
0.2500       2933
0.2550       2127
0.2600       1760
0.2650       1638
0.2700       1613
0.2750       1514
0.2800       1599
0.2850       1559
0.2900       1604
0.2950       1632
0.3000       1685
0.3050       1698
0.3100       1702
0.3150       1695
0.3200       1755
0.3250       1723
0.3300       1747
0.3350       1710
0.3400       1709
0.3450       1653
0.3500       1653
0.3550       1519
0.3600       1519
0.3650       1471
0.3700       1393
0.3750       1343
0.3800       1228
0.3850       1216
0.3900       1097
0.3950        996
0.4000        894
0.4050        809
0.4100        800
0.4150        764
0.4200        667
0.4250        668
0.4300        603
0.4350        564
0.4400        543
0.4450        502
0.4500        491
0.4550        456
0.4600        433
0.4650        484
0.4700        437
0.4750        441
0.4800        465
0.4850        480
0.4900        482
0.4950        533
0.5000        500
0.5050        467
0.5100        531
0.5150        532
0.5200        475
0.5250        489
0.5300        512
0.5350        462
0.5400        435
0.5450        455
0.5500        472
0.5550        399
0.5600        415
0.5650        402
0.5700        439
0.5750        349
0.5800        378
0.5850        351
0.5900        353
0.5950        322
0.6000        296
0.6050        267
0.6100        274
0.6150        239
0.6200        210
0.6250        170
0.6300        169
0.6350        125
0.6400        123
0.6450        102
0.6500        102
0.6550        106
0.6600         86
0.6650         82
0.6700         78
0.6750         65
0.6800         62
0.6850         86
0.6900         78
0.6950         86
0.7000         78
0.7050         90
0.7100         88
0.7150         84
0.7200        103
0.7250         95
0.7300         91
0.7350         88
0.7400        102
0.7450        107
0.7500        101
0.7550        108
0.7600         99
0.7650        122
0.7700        107
0.7750        103
0.7800        101
0.7850        100
0.7900         94
0.7950         96
0.8000         82
0.8050         87
0.8100        100
0.8150         93
0.8200         71
0.8250         75
0.8300         73
0.8350         65
0.8400         50
0.8450         59
0.8500         49
0.8550         55
0.8600         37
0.8650         32
0.8700         38
0.8750         36
0.8800         27
0.8850         40
0.8900         32
0.8950         40
0.9000         36
0.9050         38
0.9100         40
0.9150         31
0.9200         58
0.9250         47
0.9300         45
0.9350         49
0.9400         34
0.9450         48
0.9500         51
0.9550         55
0.9600         63
0.9650         54
0.9700         52
0.9750         67
0.9800         46
0.9850         58
0.9900         51
0.9950         58
1.0000         53
1.0050         53
1.0100         60
1.0150         62
1.0200         37
1.0250         55
1.0300         37
1.0350         39
1.0400         38
1.0450         28
1.0500         43
1.0550         31
1.0600         37
1.0650         32
1.0700         32
1.0750         23
1.0800         32
1.0850         27
1.0900         24
1.0950         30
1.1000         26
1.1050         18
1.1100         27
1.1150         24
1.1200         16
1.1250         33
1.1300         32
1.1350         18
1.1400         27
1.1450         33
1.1500         26
1.1550         37
1.1600         30
1.1650         25
1.1700         31
1.1750         37
1.1800         26
1.1850         39
1.1900         29
1.1950         27
1.2000         37
1.2050         33
1.2100         37
1.2150         29
1.2200         35
1.2250         33
1.2300         32
1.2350         33
1.2400         22
1.2450         33
1.2500         30
1.2550         23
1.2600         19
1.2650         27
1.2700         29
1.2750         18
1.2800         11
1.2850         26
1.2900         21
1.2950         16
1.3000         18
1.3050         17
1.3100         28
1.3150         21
1.3200         14
1.3250         18
1.3300         16
1.3350         14
1.3400         19
1.3450         21
1.3500         23
1.3550         22
1.3600         26
1.3650         19
1.3700         27
1.3750         16
1.3800         25
1.3850         20
1.3900         21
1.3950         29
1.4000         16
1.4050         27
1.4100         23
1.4150         24
1.4200         18
1.4250         17
1.4300         26
1.4350         18
1.4400         20
1.4450         27
1.4500         12
1.4550         20
1.4600         26
1.4650         15
1.4700         16
1.4750         14
1.4800         22
1.4850         14
1.4900         15
1.4950         16
1.5000         14
1.5050          6
1.5100         12
1.5150         13
1.5200         17
1.5250          8
1.5300          9
1.5350         16
1.5400         16
1.5450         19
1.5500         12
1.5550         17
1.5600          8
1.5650         14
1.5700         17
1.5750         13
1.5800         20
1.5850         18
1.5900         21
1.5950         16
1.6000          7
1.6050         16
1.6100         16
1.6150         12
1.6200          7
1.6250         20
1.6300         16
1.6350         13
1.6400         18
1.6450         11
1.6500         18
1.6550         15
1.6600         13
1.6650         12
1.6700         10
1.6750         12
1.6800         17
1.6850         13
1.6900          8
1.6950          7
1.7000         11
1.7050         10
1.7100         12
1.7150         11
1.7200         20
1.7250         12
1.7300         13
1.7350         14
1.7400          7
1.7450         14
1.7500         14
1.7550         17
1.7600         10
1.7650         12
1.7700         18
1.7750         12
1.7800         12
1.7850         10
1.7900         12
1.7950         10
1.8000         11
1.8050          7
1.8100         22
1.8150         13
1.8200         11
1.8250         13
1.8300          9
1.8350         18
1.8400         16
1.8450         11
1.8500         11
1.8550          8
1.8600         11
1.8650         12
1.8700         12
1.8750         15
1.8800         12
1.8850          9
1.8900         17
1.8950         13
1.9000         11
1.9050          8
1.9100         12
1.9150         10
1.9200          6
1.9250         11
1.9300          7
1.9350          7
1.9400          8
1.9450          8
1.9500          8
1.9550          7
1.9600         12
1.9650          4
1.9700         13
1.9750          6
1.9800         13
1.9850          7
1.9900          5
1.9950          8
2.0000         12
2.0050         10
2.0100          6
2.0150          7
2.0200          7
2.0250          7
2.0300          8
2.0350          6
2.0400          9
2.0450         12
2.0500          7
2.0550         11
2.0600          9
2.0650          7
2.0700          9
2.0750         10
2.0800          5
2.0850          8
2.0900          3
2.0950         10
2.1000         11
2.1050         11
2.1100          7
2.1150         11
2.1200          7
2.1250          8
2.1300         11
2.1350          5
2.1400          4
2.1450          8
2.1500          9
2.1550          4
2.1600          8
2.1650          9
2.1700         11
2.1750          6
2.1800          6
2.1850          6
2.1900          5
2.1950          8
2.2000          7
2.2050         10
2.2100          7
2.2150         10
2.2200          6
2.2250          4
2.2300         11
2.2350          4
2.2400          5
2.2450          8
2.2500          9
2.2550          8
2.2600         10
2.2650          9
2.2700          5
2.2750          6
2.2800          7
2.2850          7
2.2900          6
2.2950         11
2.3000          7
2.3050          2
2.3100          8
2.3150          2
2.3200         10
2.3250          6
2.3300          7
2.3350          5
2.3400          8
2.3450          3
2.3500          2
2.3550          5
2.3600          4
2.3650         11
2.3700          3
2.3750          7
2.3800          9
2.3850          8
2.3900          8
2.3950          4
2.4000          3
2.4050          6
2.4100          5
2.4150         10
2.4200         14
2.4250          5
2.4300          5
2.4350          9
2.4400          9
2.4450          8
2.4500          7
2.4550          6
2.4600          5
2.4650          4
2.4700          7
2.4750          3
2.4800          5
2.4850         10
2.4900          6
2.4950         10
2.5000          0
